994 997
92189497 489968230 0
449995930 170088974 0
904466928 929212005 0
721168123 433585156 0
985392393 266467569 0
579368900 28292213 0
774469786 8685194 0
857866392 283760300 0
377111232 601593470 0
266789325 569690280 0
671005446 415489663 0
137636673 254311717 0
795725543 223482961 0
70889660 450618365 0
523915751 156627058 0
289552630 33003759 0
111137038 61440306 0
856721037 623173465 0
575103381 518200918 0
916052817 989095916 0
540324923 707210576 0
5062116 78468142 0
557177493 419153215 0
580964676 721348396 0
708282317 788287868 0
4203975 247254895 0
990585011 31833042 0
298020686 813500623 0
484132860 988153795 0
562014728 437940328 0
561652063 189094050 0
252376364 376687692 0
454574579 127442975 0
252964425 253093243 0
886919722 717263737 0
980753145 868893675 0
301390626 891303561 0
920691683 162918295 0
444937024 679498267 0
484234063 687137431 0
657067728 754605781 0
857866926 905107509 0
170266701 184681588 0
748505435 430646391 0
52643464 309669563 0
886061717 640107838 0
512071663 282611887 0
854082573 248523640 0
348111088 916695054 0
656146727 567762466 0
194606816 557666027 0
299528136 794906369 0
670857936 255540993 0
593026938 363491668 0
164085315 940822674 0
70344908 546496928 0
903137271 867917274 0
587283545 335188819 0
28820327 47653335 0
626560261 635012747 0
578566688 167568356 0
401279122 104600117 0
549764284 774220997 0
43478637 703990693 0
753708634 622415675 0
528472290 532704752 0
220189633 290053075 0
848083207 696409967 0
34007497 737607824 0
591526172 440890051 0
60656481 322540755 0
1062981 546536915 0
90538880 501281468 0
805614933 383773805 0
948004078 567599866 0
265469221 897685736 0
738670493 280533939 0
605657156 514203525 0
815934699 681722007 0
405259609 511394385 0
13171294 843982266 0
48214446 319836782 0
429747162 253192331 0
845171746 836809443 0
58095662 91780063 0
805038201 449521271 0
341126444 734588401 0
576040187 709210093 0
31519138 861594264 0
611843665 860672003 0
746821253 272861846 0
906252169 577725683 0
840480701 20494248 0
852746652 416912218 0
933871836 213042124 0
422133966 697450870 0
415292366 159108578 0
696444214 935577062 0
709088932 541040451 0
40411012 443655869 0
214483084 285830666 0
21561732 924840692 0
901040968 932786179 0
485847803 338571162 0
997937516 503283286 0
910209460 78196942 0
441970123 837854434 0
916677118 156968639 0
448008437 291675361 0
12185951 161154438 0
420517751 216215510 0
984410897 8186398 0
756678596 243340422 0
50151215 50706093 0
807868146 93039048 0
845312913 146878571 0
391998265 529806396 0
471535006 871855491 0
691080313 40221673 0
133622733 502321050 0
3715049 135667242 0
396575776 571515265 0
803013467 421635600 0
100951672 915217154 0
831374007 163597026 0
350305223 344450446 0
271828892 305141824 0
915152023 930563856 0
975553500 825132717 0
38306145 985214405 0
108058354 655603027 0
354781211 102031539 0
602174736 154619662 0
876015428 147461096 0
673095781 7468222 0
464709742 441910860 0
404561688 731223627 0
326433069 944504940 0
208806736 412039539 0
229957265 989507670 0
813933272 547427116 0
962513112 137354791 0
236378277 427430892 0
800811693 132577184 0
430608349 329867984 0
577317629 611901090 0
142693608 13092175 0
314146462 920315693 0
550651916 271934110 0
263924493 159608063 0
809680595 84425139 0
80373729 4655021 0
232354086 76236893 0
612568752 34278799 0
189308990 119656330 0
424372374 215446180 0
953459337 480190065 0
515685206 58558460 0
469911143 943022622 0
199064886 167369501 0
773112636 183790115 0
456809744 641423894 0
289535284 77671749 0
639992836 531601935 0
865720093 306504233 0
276944948 121966916 0
834108203 173359130 0
31589713 157183072 0
948799300 477707047 0
266254358 304269458 0
503697742 42882282 0
376148361 530114849 0
102311112 358290286 0
616955488 782597916 0
634754543 947215803 0
4877977 421049830 0
875600914 181861194 0
129720645 131171752 0
422343994 612380213 0
83297447 209463308 0
533157688 817068755 0
4794165 330525539 0
201935939 731343265 0
463381639 705081999 0
724318815 13166773 0
171478301 927074894 0
372419270 966374121 0
508147116 203210807 0
688374018 215028224 0
121713664 5145999 0
134988042 63371158 0
448232506 102001883 0
469538609 160953259 0
866177818 624006925 0
849639786 564444257 0
164850630 851126672 0
663781299 366405669 0
173425874 322438041 0
878326285 530055485 0
102322795 296785350 0
613135854 920908258 0
481758936 337511114 0
17143876 838251949 0
468971534 558235935 0
811476841 149785570 0
489008833 692757575 0
809058649 469114860 0
299999038 385557900 0
774215099 348038686 0
367739074 3610368 0
47396676 924033569 0
34194558 402748451 0
519351616 477465914 0
529260899 26539707 0
174315252 729989635 0
390716144 215827061 0
284902131 611567072 0
955836177 130958595 0
553006579 815081002 0
783113695 912759464 0
846195856 838815640 0
185539199 350726169 0
888231776 771846653 0
234996256 748024526 0
213404045 369414478 0
469705998 197548056 0
181865044 825540155 0
658557692 418193721 0
402456715 284720493 0
225421743 478437402 0
91707159 955124783 0
87459285 535102478 0
649080023 449452956 0
721195868 148699547 0
260766909 824488315 0
791553069 149451235 0
285555302 26560026 0
95304410 569370599 0
432615867 868899463 0
837663595 615065992 0
332416860 776571074 0
526546528 331733430 0
538840384 150397325 0
673953090 500274929 0
6804559 488026021 0
973823270 776009437 0
536193148 983029836 0
450797358 123102005 0
731013425 748172103 0
412736906 505143336 0
821145942 871842384 0
794157504 556332841 0
530458774 394505784 0
299906395 275828574 0
711881693 593996909 0
381809293 75889145 0
817347194 582182144 0
87452470 591460765 0
914798323 795898181 0
220022949 576549194 0
411294639 865728455 0
738081887 750689258 0
760846569 112559955 0
214286259 284673438 0
760141590 476943363 0
265002300 147846590 0
822591791 342514981 0
245485521 208047727 0
839675677 953225094 0
963350888 36860204 0
318080328 372895832 0
90634011 702852507 0
257675353 819696609 0
138852576 747237427 0
309289194 545067029 0
523783433 94632799 0
263659454 158187507 0
663512677 898292431 0
24511690 590931347 0
546487189 973595646 0
257592884 983722266 0
224874876 489479638 0
334878035 26164857 0
114837348 90814193 0
904294196 134780585 0
363967477 905922584 0
364411133 749309646 0
501695365 606908109 0
90831444 771626012 0
655493648 621422658 0
770288329 269057426 0
131931995 779992299 0
99768408 116576808 0
752612883 879177766 0
114822164 220248353 0
62570233 962241606 0
44555988 239396700 0
787388480 218022864 0
631171941 521086296 0
477142035 128217517 0
425143591 706643977 0
283501554 103002254 0
348487671 884930897 0
505179925 110197695 0
865550668 960153274 0
650527223 930359989 0
305305348 596592639 0
496471461 246473712 0
860369397 143127222 0
958156 300108803 0
844961460 722557841 0
167197410 877323684 0
162948696 690396904 0
174588077 779674319 0
807930344 358950014 0
918219355 797422184 0
329960046 601167210 0
34350044 942634113 0
529263368 958827053 0
457258484 352733133 0
942982693 802756299 0
538673360 102723150 0
1618114 580946904 0
321607246 980581174 0
545051683 617883342 0
990388071 319375452 0
165617232 606241496 0
585775591 339183299 0
2417717 375824130 0
60184216 838619574 0
3301776 99800704 0
557597148 507181447 0
114171240 871287700 0
823340034 120524816 0
774111757 971249934 0
897940570 866184291 0
805288357 745449775 0
543576700 794562703 0
423064954 170261208 0
530159078 659842284 0
432380253 892778222 0
477397257 306151490 0
142048718 974276624 0
627300112 687757938 0
223255177 852162036 0
152301610 814397738 0
704260201 870996899 0
19805238 971770524 0
294646257 674346279 0
292675353 170762731 0
468412371 141865702 0
297654169 951326274 0
725298964 543934553 0
261737398 85616108 0
622462490 532844201 0
892109738 51051502 0
240313232 594973176 0
995782306 822607399 0
51585614 410955523 0
251786691 932311108 0
741205984 955298101 0
50424895 250990481 0
20715452 604727278 0
558627585 263617974 0
548181480 501365985 0
250297347 332623679 0
232450991 64960599 0
30225021 102849285 0
186039933 606799330 0
360246415 982391800 0
799447047 402106682 0
873104131 497575552 0
590039973 727007901 0
962191885 169834859 0
456129313 328992239 0
308956233 479206354 0
442055313 889135727 0
982644939 801596177 0
524961286 458912227 0
336548796 294533536 0
116226167 937816556 0
100571456 259858020 0
80583525 291021508 0
424678146 342434896 0
905054069 314686220 0
310112957 900652867 0
404684059 638472529 0
361349665 963365719 0
360595273 46953339 0
952132681 974682758 0
171328373 750205356 0
55868530 407048375 0
56259779 637534949 0
413308423 499766996 0
289869574 824045069 0
941879866 642162872 0
144643921 625249254 0
379694243 235213648 0
408907880 313259808 0
449353250 86527246 0
578363487 411268391 0
840459632 272908881 0
997067116 681315884 0
13747648 305230351 0
967499488 167736892 0
113207539 489313452 0
701135305 553923379 0
542481557 517322641 0
693805912 678227086 0
780810728 190808995 0
445997122 194169395 0
494047845 341005341 0
844950550 311525303 0
976924208 901188829 0
836756251 612215299 0
544482713 569367272 0
945269826 15138073 0
771193511 965343073 0
512948943 205816326 0
44332309 191940687 0
616058068 514799727 0
4850052 492584238 0
760869754 87927805 0
791802480 262448178 0
5101243 791206654 0
192088919 660373489 0
293466665 299472013 0
358040815 456605816 0
80776861 337290064 0
714845122 47071347 0
736992771 107210178 0
878151537 799360965 0
134556624 641146381 0
596390054 53503037 0
990055108 669363930 0
146227076 113930169 0
745814625 458772129 0
967424052 12591441 0
814407356 646767954 0
589693908 85316049 0
225482913 500483878 0
373279351 700053714 0
598350634 235316312 0
384638235 156466137 0
768266314 27323059 0
411818401 300931528 0
436075581 285576720 0
645781035 412853290 0
653912507 493642864 0
588305609 586255316 0
30493992 983350508 0
288009540 301234626 0
185031813 837779063 0
192137819 180143835 0
90622995 824727745 0
898019297 271540178 0
86500934 699584758 0
554533366 492541970 0
91964965 151776554 0
857196210 467449749 0
369459960 463677017 0
367951311 88798502 0
724958702 169607900 0
190747347 817605460 0
107511039 895614117 0
645487547 391329239 0
586049963 82723666 0
529086035 169721742 0
797926117 430740723 0
538385968 275632758 0
15726996 330585985 0
503303439 184779390 0
430272761 973491042 0
186049990 606814568 0
939472303 980775063 0
613865568 857528056 0
156808451 107298416 0
860867484 56293912 0
735522310 737623058 0
163852603 801008526 0
576546018 894263133 0
662655912 612273628 0
863990129 622397469 0
760309516 544638914 0
50871138 677452084 0
740524416 896815119 0
938964218 314213379 0
323652535 772172923 0
441104554 793892867 0
244383183 479608655 0
795168954 12499223 0
995163912 62013693 0
571844012 887810758 0
761983289 875690674 0
451675270 23203113 0
667834885 199577086 0
398300203 591929842 0
66256225 362255419 0
303565429 4660393 0
394738700 15936728 0
121446580 539855019 0
826855386 489862750 0
322456855 154458726 0
149757454 767406306 0
652899759 987182728 0
363220404 480752288 0
582364074 156566244 0
313516574 526151913 0
253182157 910678020 0
174980245 546975582 0
372586571 208965988 0
949108183 212727488 0
642432979 800730004 0
704980120 901073592 0
158132383 888702076 0
991942588 790346493 0
710091360 701303123 0
356125063 14096382 0
202237302 392906816 0
570618353 881844591 0
941177180 745619815 0
67017440 803149203 0
633295372 571386288 0
931302967 353346527 0
323992913 966791018 0
351947462 777554505 0
444656285 392803886 0
988537715 575958631 0
769218078 196204600 0
252195918 860449406 0
960324519 373212639 0
32112139 583971509 0
313353066 457767154 0
105448658 882369581 0
204711079 714878562 0
80814114 192282031 0
719870297 355803975 0
567337741 442547048 0
213813506 940371456 0
830106141 810761809 0
873629640 25515478 0
301608388 277202504 0
546285350 734419967 0
830020906 482743433 0
365816441 173142181 0
840387319 405235520 0
989860375 959344752 0
56847222 605230218 0
321698364 197154860 0
699296142 569935133 0
759921996 10799285 0
362416255 587330495 0
840501740 666780414 0
658962953 454889118 0
769767945 102440822 0
152110492 306544468 0
208355610 469174712 0
776009234 122067045 0
41597393 547949637 0
15084101 621457141 0
223666069 712763309 0
472428352 681965157 0
223120536 581933160 0
64588477 965124937 0
500234427 887097592 0
642055378 195933965 0
955437203 342474226 0
895070368 415076400 0
958512062 207662165 0
829790890 671171905 0
994193506 977467915 0
420911769 225189972 0
3236589 836827180 0
560941777 177366980 0
995224009 605826081 0
211671814 858334657 0
816875917 938990673 0
524677085 855835627 0
72859730 725226904 0
626989031 423164200 0
345261000 2478659 0
652455787 75317489 0
661607430 706370717 0
386459677 912854284 0
707370352 434426998 0
519815278 931599843 0
194000883 7749358 0
418323939 102443148 0
231749292 269842243 0
542353090 502134194 0
112143013 605677246 0
843262389 482623042 0
587070342 71518130 0
746421086 684555982 0
444953486 65263485 0
582732193 695991748 0
175380264 380379404 0
627112472 517018962 0
825726766 957014942 0
5799837 85201486 0
717678262 712607778 0
991746135 364593192 0
276394667 594598819 0
949246974 84978171 0
938425739 90560517 0
1779747 94679945 0
83645876 106415048 0
537290331 555464681 0
936731647 919576377 0
819985318 677123113 0
546728080 230692750 0
401961044 120205898 0
686638194 437146837 0
340484602 107734534 0
789019037 839200661 0
658376420 676806899 0
341158917 532993338 0
828930484 106575573 0
608644223 866551904 0
340012137 225772791 0
872959273 680895090 0
607815350 664357568 0
482360355 233991948 0
972896693 565899667 0
258800546 939252655 0
686269420 557321399 0
634805025 933087724 0
284279071 213981017 0
779245629 837780261 0
749268609 368320296 0
260455494 580187711 0
273746840 157417893 0
877108391 962918016 0
726049543 57782983 0
967672475 552250561 0
251929274 356361668 0
720201581 523984022 0
283871508 820218675 0
661293201 660271612 0
497486443 617799047 0
336973314 550340260 0
112577389 938069335 0
926458427 511637174 0
853346683 363033272 0
414474935 377109778 0
651824374 787734373 0
570238220 661319316 0
577183259 385068834 0
597129325 200003926 0
682337784 168470646 0
565241824 571343561 0
491918074 227561286 0
743537999 640019195 0
942868583 658972104 0
614821 420718319 0
854966030 451892637 0
761627622 57406461 0
805476940 156816776 0
662160837 858671594 0
374469821 338461949 0
827371603 598761095 0
301973452 428301895 0
452448437 8906327 0
139659196 346804306 0
215744401 504679402 0
105447416 780769383 0
41199460 425156013 0
92101279 346525885 0
791812066 737401215 0
787567416 317270532 0
675146662 134851813 0
775771110 589357384 0
174423124 708592257 0
422869334 776970505 0
527809258 978771298 0
410897363 546251593 0
26911886 334758895 0
520421298 711511265 0
556166738 409499366 0
901438520 789655294 0
135125088 338584061 0
607735101 601570302 0
289852357 940272893 0
736323710 288594194 0
413331145 353598820 0
827794618 169937410 0
960936260 660916253 0
54371112 649617908 0
610072081 185982879 0
335163950 441316081 0
882524475 340833887 0
558665813 927869350 0
292463031 796755642 0
651711192 491903211 0
844782554 531537810 0
457812635 331729486 0
536758745 169096471 0
20889679 863112351 0
410570324 219185934 0
495054847 825437141 0
599445959 283047952 0
846741535 231676699 0
766495389 245450379 0
589626340 98087912 0
527616719 5583143 0
433874826 446297607 0
9895254 430906272 0
353997075 804598976 0
279899517 830865419 0
795083383 958028876 0
806200282 597838274 0
897160750 847216902 0
600788867 24112172 0
915701967 833797822 0
159634841 334838520 0
286584673 965253850 0
409216736 170441736 0
368606689 541255414 0
552591200 84691242 0
486531404 512463860 0
152438272 401606644 0
419825903 443008586 0
443538673 711158287 0
36027323 598103281 0
855326609 480360111 0
717972398 246018785 0
833956851 135100340 0
900824202 934322615 0
300206177 215363951 0
127727479 492140773 0
674873631 979299451 0
417104544 454789577 0
671630404 392562236 0
126241838 288370323 0
405660387 105251454 0
357893107 408569074 0
78863555 362766715 0
666662428 660013249 0
582354386 28447434 0
17566874 830447494 0
711169361 753523882 0
677718009 521511761 0
587693962 386762810 0
338860175 698186663 0
719498617 37221407 0
216589159 216488411 0
975366849 778574550 0
425603334 469094711 0
897913274 872684403 0
322010731 277254883 0
988547725 364986773 0
536871993 161312220 0
967784217 687531885 0
746496709 134895359 0
354090512 105157883 0
805004850 468057104 0
697429112 321324752 0
59828225 270937625 0
704051903 139318407 0
989139029 919858233 0
377999333 91622557 0
351436244 268070798 0
185684402 73453362 0
92867472 547910508 0
13403171 801047648 0
797464105 975764228 0
366795962 5883168 0
930285278 844475845 0
43493213 64665254 0
40673441 621017051 0
898891365 240580696 0
209017398 758485613 0
349917666 599303063 0
123522987 68802865 0
269262189 425607864 0
55482711 735905583 0
111536572 55368107 0
279176959 823130302 0
79237339 11752273 0
22164759 902608085 0
935199764 809169731 0
964666292 163594668 0
645349604 814830880 0
788377704 529760665 0
118307509 826389679 0
104207449 29057842 0
816447698 69623856 0
18620779 425490458 0
106958712 914714830 0
180155761 599267032 0
80468739 688381546 0
215633111 248668922 0
805971275 64172995 0
317688147 306710696 0
262052154 269150149 0
821948079 909630287 0
240928805 446448979 0
652987058 673148600 0
386449998 54124767 0
941480125 741828038 0
882398099 502740681 0
670273602 393297577 0
797625031 364937247 0
10372948 53941532 0
160444461 884981550 0
30458604 633794062 0
323220095 583162048 0
727896300 780952981 0
500698738 802113770 0
469443683 829141184 0
147292888 404351802 0
184068499 60597054 0
574765342 469699269 0
339662581 375042293 0
557028816 862628178 0
54657664 525740732 0
927991962 994401307 0
950796125 806301059 0
744138893 747424525 0
780362842 21800272 0
418753562 762179913 0
702492503 508652741 0
875720736 539851232 0
155172145 137788298 0
739807736 162367740 0
600840590 390448566 0
158096486 224222673 0
158684608 121599993 0
321648575 943236089 0
474186511 908047006 0
869629896 483647115 0
474214041 413385333 0
937131759 407783569 0
133777296 206959901 0
575864911 966061976 0
242911845 71649 0
699121758 711232031 0
922358648 377329714 0
89533845 855334212 0
411268022 331245259 0
722889531 563480374 0
630769749 275918786 0
898553777 633916816 0
35266080 814359999 0
331680017 95423280 0
542360442 124764960 0
796007093 689726714 0
20472949 796087608 0
645180287 218030593 0
990215880 390227261 0
766827759 71663559 0
170385795 372331837 0
154561693 217478706 0
836773757 462861564 0
247633819 527835435 0
889269283 450990925 0
992140140 815281880 0
82411286 3263516 0
10608635 118036872 0
219178976 774517208 0
684524177 10222501 0
508814304 517429963 0
575588393 433600987 0
387512707 805467993 0
908816248 400919849 0
465628456 256396750 0
586960340 911149630 0
190633075 359166745 0
645735415 612341531 0
109218884 689306960 0
67342758 807180687 0
960676833 126870925 0
192544605 324659927 0
885235611 296059478 0
346634378 205724727 0
70504021 389618260 0
806895476 974660575 0
382089543 166417973 0
887565820 303039410 0
129423864 187025393 0
950223474 103597988 0
946239633 367602822 0
708348213 135758008 0
781433860 461573119 0
207165201 160029772 0
536112680 507548007 0
224031506 239831811 0
121399110 830791830 0
616926960 728943503 0
708155135 4293644 0
358504537 671226739 0
250651872 45455112 0
277226535 828738392 0
479497070 874636102 0
128097920 128390337 0
933055096 809991147 0
337238997 378573925 0
822655911 345426432 0
519023296 15803806 0
193649897 372644504 0
562614365 242223597 0
915918818 525389093 0
701807234 656065853 0
740534921 117523230 0
77277512 865057155 0
969518933 415991319 0
428930242 378389729 0
515740844 980573088 0
687720475 13596724 0
60823618 567143969 0
914757184 196325719 0
56080614 901416114 0
534994768 299382081 0
35450711 489266677 0
394411243 341492093 0
731975275 387370058 0
842277600 863171385 0
852960516 280936859 0
268423843 112302649 0
577973530 60894842 0
288807373 15561677 0
722862260 81350035 0
388815939 643699053 0
345647309 335973701 0
374908715 203387411 0
759634962 299669936 0
80303679 107090592 0
432207509 356986424 0
386601440 342964888 0
700477707 390532758 0
81829917 408881608 0
890420628 964686860 0
37152512 296852573 0
493452014 181841526 0
463840947 802492316 0
22331746 355861542 0
996705353 880268650 0
447252029 719946465 0
87086381 67504391 0
191927376 710681711 0
111486266 597348259 0
498884273 886394328 0
854314599 890988958 0
505666396 650370558 0
369498608 87785394 0
210533607 62987602 0
520665729 682996521 0
488830996 173075083 0
89239755 799032461 0
415989339 487395982 0
304644776 142030127 0
978921229 795022378 0
643321814 387955605 0
496761625 298827098 0
496161457 69893217 0
572675815 760912584 0
529874500 557217957 0
176286906 110933281 0
402226619 922594195 0
262019096 784617150 0
514645071 183262723 0
346032155 149039569 0
288895294 37175504 0
512821121 86583581 0
249441473 66570804 0
552279068 39171397 0
858713455 472762077 0
711919441 985380172 0
694544285 611958802 0
278468820 603846350 0
306379631 989078411 0
142402643 458410039 0
803294322 129129168 0
696002948 603845768 0
171372741 525586303 0
24439563 681528994 0
199352634 331233410 0
43353546 644473721 0
528816402 954174824 0
210061884 135434342 0
646245208 783544865 0
38173614 667889715 0
179161641 144653475 0
518641044 921918828 0
966416231 676432077 0
70421701 794964910 0
974158760 674270348 0
716269089 131107807 0
534631258 931180198 0
677534410 352038974 0
808577376 424193649 0
889789198 825884011 0
629028867 846010699 0
267272104 32873637 0
0 636 119599810 256025626 0
0 59 383859020 6077058 0
1 650 739 295161696
0 876 251850854 618047433 0
1 508 766 223718587
2 35 469 307146687
2 473 480 974127914
1 553 754 573073474
1 393 796 754986001
1 387 681 449989075
0 722 681419913 648840400 0
1 203 937 629118604
1 244 459 122216485
0 188 682656016 926786400 0
1 293 683 188981227
2 196 529 996647137
1 344 471 92932740
2 157 469 490241877
1 165 391 892795011
0 818 972877744 541468802 0
0 492 695928392 410523213 0
1 56 342 915174889
0 890 616001751 922351571 0
1 664 883 373063695
2 166 714 749330115
0 185 264395422 172184535 0
2 205 353 24615942
1 134 698 472283001
0 297 265245592 78208288 0
1 98 102 768860865
0 869 964666612 551401931 0
1 168 413 848363249
0 821 68497374 710996949 0
0 648 845437045 993085998 0
2 121 369 836058171
1 386 950 625470920
0 623 942408825 799170860 0
2 735 923 878518010
2 282 365 712441111
1 149 869 121855413
0 932 46901919 163061907 0
0 207 914394517 50563991 0
1 708 980 486708553
2 370 719 463739305
0 190 143685324 667212973 0
0 819 961704177 936291426 0
0 482 499661445 997213534 0
2 378 645 848248106
2 264 661 399843101
1 227 480 109829829
1 28 556 894888688
0 861 30749739 73124423 0
0 784 871350873 343250341 0
2 349 510 934369370
1 45 408 472557252
1 253 377 387671098
0 218 502180347 257806992 0
1 812 939 239658552
1 304 733 120477944
1 638 915 749008436
0 455 518749179 210088986 0
1 135 877 453085772
0 323 78647720 203005864 0
1 123 850 277038056
2 816 826 83104875
1 517 592 566531430
1 922 923 887552774
0 794 567986944 490810460 0
1 193 896 314721933
0 123 123420880 755276419 0
1 18 192 678060693
1 189 714 967377932
1 330 895 685936925
0 677 436743588 890422569 0
2 237 287 383497456
2 915 972 646710778
1 63 391 759073653
1 479 767 707048846
1 432 966 539625315
0 797 359095422 599272719 0
1 585 864 75074361
1 116 150 255028836
1 474 796 380425375
0 267 30528336 416234208 0
2 276 763 67243117
0 626 809929316 159611461 0
2 38 873 850150075
0 98 313034873 296049302 0
2 121 665 184848803
2 40 746 665098811
1 33 391 80252035
1 434 715 598591786
0 82 401551287 162282648 0
1 608 929 227176353
1 219 311 249398479
0 880 130201474 990692775 0
1 136 497 170840709
0 583 260530441 792636087 0
2 436 837 841666201
0 358 784112871 654720194 0
2 790 839 430606339
2 242 582 396044541
2 939 976 475519461
2 685 911 617635375
1 64 476 912932962
1 811 994 529773586
0 459 22026909 728457485 0
2 433 483 351022467
1 572 603 122550235
0 766 66691234 330585287 0
0 653 367313785 389712343 0
2 93 622 645413469
2 104 745 209540326
1 509 682 684339767
0 188 881242005 860257686 0
2 660 780 639293164
1 388 528 833462705
0 716 799677592 430500996 0
0 826 795968605 524064712 0
0 482 89969123 288413827 0
0 460 101666175 876177922 0
2 59 143 830351282
0 861 337546919 14953204 0
0 17 756998725 140300063 0
2 878 993 994361533
1 931 980 90903571
2 272 838 106470417
2 210 463 134236792
1 40 387 122018393
1 18 622 562790224
2 615 803 975220526
2 125 919 593034108
2 797 930 92681580
0 931 649115680 876501156 0
1 157 956 501342221
2 720 992 51403898
2 250 658 85877812
1 606 874 600145407
2 116 885 359086866
2 529 692 429952687
1 203 643 720867398
0 42 105205882 820890723 0
1 390 750 291641861
2 162 277 244784912
2 278 624 641735278
1 305 343 1385433
0 555 199312848 103837353 0
0 132 312047728 727132410 0
2 191 912 514003620
1 194 209 12123047
0 761 3546623 555279312 0
2 162 500 882879038
0 577 241000426 565207053 0
2 192 274 444627443
0 395 291728671 958760363 0
1 77 867 390632295
1 676 720 838446320
1 1 121 967255043
1 606 964 576602240
1 918 974 125981645
2 86 950 35313822
2 320 332 104313895
2 77 861 95260990
1 670 916 577006004
1 552 737 32149660
0 60 787030250 430374158 0
1 365 499 701596118
0 122 448056435 389353518 0
1 364 684 597247584
0 142 54830775 341594773 0
2 750 849 512895217
2 288 384 559049822
1 304 352 636439330
0 295 884767407 344695688 0
0 119 535372341 560873554 0
1 265 266 379237057
2 38 903 127755876
2 22 917 543925074
2 488 522 977470384
2 239 593 464284401
2 234 971 921324510
2 731 859 993816150
1 147 989 46930746
0 304 540366451 184515235 0
2 408 661 741000796
2 257 991 847095333
0 368 218735592 78885660 0
0 583 873597459 906802938 0
0 747 217239364 21838082 0
0 713 351615991 296733431 0
0 583 868655082 898667163 0
0 595 185473166 639576862 0
0 809 914721638 394181042 0
0 583 194689040 701830055 0
1 3 192 335891924
2 127 753 309464368
0 953 695640483 30715254 0
0 423 108599717 197474172 0
1 98 574 634559191
0 860 255049153 410886188 0
1 608 617 371497118
0 170 572976788 278647392 0
1 467 857 412561049
0 617 57395566 219330409 0
2 108 404 907072305
1 606 641 71666604
0 577 147185228 53387954 0
0 881 942816169 28083937 0
2 238 935 135293328
1 551 602 287432685
2 506 584 660948459
2 101 936 257351672
2 275 939 944981441
0 303 938758666 381031510 0
2 2 29 825582411
1 449 811 127906319
2 709 965 279115649
2 31 878 635923825
1 336 681 654268155
1 47 441 665675863
2 96 631 135716293
0 472 747131533 216653301 0
1 403 697 230075702
0 468 257252515 909888562 0
1 788 823 570195186
2 764 986 928521400
0 601 369530525 292967462 0
1 124 162 836466467
2 85 911 402724833
1 406 509 438322679
2 491 637 132974069
0 859 800713849 409791472 0
0 22 660830569 853602655 0
1 645 893 6957760
2 169 792 922704096
2 50 343 248019297
1 47 769 377994263
1 243 809 532598059
1 409 426 159550164
0 857 443309842 147775692 0
1 95 889 997864507
1 22 697 543668958
1 503 595 69605562
2 522 896 221098598
2 241 911 154979960
1 427 711 316702752
0 523 354813712 989114474 0
1 418 769 359133172
0 671 509320221 108501354 0
2 391 664 432242428
1 337 886 936838210
1 332 765 375355735
1 234 285 451070525
1 89 791 282771040
1 381 481 491241824
2 143 681 930339939
1 151 426 68866331
2 557 669 275527480
0 381 581907752 834013005 0
2 171 480 884319086
1 86 436 370979726
1 479 900 762350886
2 680 905 313744256
0 508 362293709 486396331 0
0 149 534543829 306764128 0
2 103 280 507018603
2 412 497 916156831
1 50 776 57281966
1 207 497 26254239
0 650 238841382 25060553 0
0 442 825354550 954301050 0
0 74 494175476 196531803 0
2 26 970 490587021
1 560 608 843653622
1 725 825 26420930
0 905 319778395 536674801 0
0 333 241775316 944327519 0
2 190 255 82454104
1 606 748 147129784
2 354 740 533360837
0 614 702537367 899493845 0
2 103 467 174619817
0 54 35220763 963158726 0
1 171 350 922882514
0 19 41491434 972751978 0
2 450 853 180485058
2 169 868 783644827
2 227 245 748493404
2 54 325 871581709
0 80 774521789 255559850 0
0 17 940073717 723241792 0
2 621 911 893634982
1 333 541 232574027
2 15 884 887803285
1 653 689 573155304
2 76 648 985298940
1 200 269 127159964
1 143 320 62763472
2 700 920 116491830
1 150 907 135566150
2 463 969 768843436
2 32 585 138123936
1 3 944 419422892
1 124 826 92145676
0 223 578579239 371264949 0
1 36 215 270029314
2 478 938 810087660
1 383 434 861283824
2 265 788 41967532
0 821 490354947 650643093 0
1 304 948 876537997
2 167 976 583666841
0 803 714267840 345123477 0
1 423 469 845918021
1 36 858 119504932
1 17 558 71390626
0 298 141827215 126703901 0
0 927 607699832 526977523 0
1 430 524 301979841
2 618 976 120142120
1 115 123 976925301
1 851 983 850262558
1 322 401 765554441
0 842 752092536 790047146 0
2 405 785 151369145
1 200 479 739057417
0 781 930293571 52783908 0
1 24 215 634290115
2 661 716 33703284
0 262 399654071 338674569 0
2 271 577 472831829
0 262 51816995 490873427 0
2 32 820 835333815
2 179 318 727650315
0 391 591459724 462304300 0
1 300 543 349848058
1 752 777 973274831
1 238 873 946685690
1 46 403 345274515
1 146 190 339670227
1 322 661 15243184
0 587 774352273 485591775 0
0 884 319253785 63931448 0
2 205 756 168228219
2 32 510 618128075
0 432 953427183 5329834 0
2 391 418 128514740
1 514 732 835039866
1 591 944 680517261
2 576 741 503733794
1 52 560 188898388
0 878 726700773 701150378 0
0 962 733523458 23104807 0
0 776 468233521 711954060 0
2 339 860 280614814
0 719 808084221 854947823 0
2 271 741 342601623
1 393 463 699080049
1 630 833 599387549
0 981 133728086 157352133 0
0 427 756649803 803307202 0
2 472 679 501679230
1 966 989 595146136
0 884 659233391 572685767 0
1 33 340 806012071
1 382 928 668125427
1 172 873 895965416
1 115 702 624482238
2 310 851 821757197
2 203 904 545429618
1 11 457 17861487
1 671 910 836060128
0 42 578161272 726167960 0
2 558 669 75485163
0 900 534101916 925161246 0
2 667 680 683491269
0 832 721696211 613417667 0
2 22 227 712742118
1 153 204 778431055
0 286 615060147 604556459 0
2 342 894 86410395
0 683 982098551 687517525 0
1 678 726 842989938
1 432 876 583366161
0 923 582894521 600138903 0
2 325 963 213085337
1 54 627 867004476
0 177 93272507 534614324 0
2 288 651 963099519
0 440 524588579 542643343 0
0 343 425184407 827395602 0
2 424 761 228179023
2 18 214 381831724
0 206 15481884 613286997 0
2 72 295 593443194
2 153 834 859418756
1 68 808 598712668
0 712 24504329 976872574 0
0 724 803546778 640896213 0
0 701 360480072 659204508 0
1 592 624 737000263
0 805 98777670 481130107 0
0 156 11057493 40550503 0
2 558 845 724890653
1 236 828 742695791
0 114 584353498 645038218 0
0 657 590486884 435220862 0
0 151 386162199 587646133 0
2 759 892 402439613
0 652 725601814 600930681 0
2 601 817 410060376
0 711 661919393 439107174 0
2 146 391 614950942
1 242 303 531397792
0 687 351237834 814397464 0
0 329 710716332 338454383 0
1 393 477 787458536
1 114 615 750149762
1 47 842 280575593
1 669 938 430625743
0 775 157474836 907184002 0
0 265 25493155 964888342 0
2 769 869 162033577
2 470 707 391489052
0 17 725172000 370492186 0
1 96 773 239847416
2 808 984 266626327
1 856 908 902132087
1 507 889 68205075
0 850 779668845 790391732 0
1 222 712 485658081
0 314 915464938 263361356 0
2 240 389 4782218
2 358 521 860392407
2 511 765 714352228
1 268 669 587828676
0 243 107055972 588173231 0
1 884 914 649466564
1 737 937 145213904
0 761 20266318 610476202 0
1 766 779 540006594
0 188 856411150 311119315 0
0 852 278038848 537694573 0
0 517 35929611 239296463 0
0 390 336589223 448128757 0
0 740 933309344 909374611 0
2 548 710 81847394
1 357 378 485066789
2 11 311 405953345
1 212 251 254629997
2 100 957 393212503
1 92 332 177542802
2 358 780 459244640
1 207 719 245529793
2 732 744 446793143
0 801 101460458 846799229 0
0 566 927155227 812611392 0
2 348 578 774335804
1 230 855 944577876
2 25 814 181174197
2 104 598 802969177
2 89 158 101272536
0 599 860011485 473935490 0
1 615 728 445601123
1 322 339 33474626
0 467 831233101 588318267 0
0 357 187668140 123498651 0
1 547 649 303831460
0 883 49659422 590031506 0
1 984 987 582592946
0 516 540970824 975783410 0
0 680 91660956 939655842 0
2 361 748 11833552
2 149 179 428798759
0 50 214203638 762111583 0
1 873 938 628070780
0 12 655592234 708043175 0
2 330 825 79038603
1 624 907 38169672
1 394 830 191532605
1 802 822 329561759
0 39 367671613 165645392 0
1 726 755 236290589
1 104 285 42898370
0 488 711229212 608183336 0
0 351 871154712 3795709 0
0 715 35260143 561877014 0
0 713 663292403 600355112 0
0 172 877628322 694886357 0
1 371 394 581914141
0 157 599398763 358498813 0
1 223 566 936372388
1 2 80 451937491
0 394 224285034 5719887 0
0 182 193626046 548809070 0
2 473 804 936256638
2 64 135 224157387
0 206 776632525 107628115 0
1 108 263 233804527
2 9 405 265297250
0 73 174373053 243336405 0
1 270 761 340731734
2 713 908 350239096
2 218 706 834140697
0 751 178127953 899250885 0
0 774 328939362 304713091 0
1 159 266 727757406
2 134 339 561903050
1 306 970 177358193
1 184 671 263270713
1 39 444 817284656
0 190 145625194 438649413 0
0 546 393116771 437099339 0
2 280 574 931289684
2 543 808 769740827
1 665 923 833555049
0 450 202116025 575299672 0
2 238 834 956395073
2 513 778 213709400
2 465 575 525289608
1 574 598 749743420
1 176 701 707654134
0 929 259945055 391446009 0
2 706 800 804437988
2 189 632 221144154
1 197 724 62223375
0 266 589483986 202097882 0
2 390 735 795607275
1 610 827 640499554
2 245 860 882240086
0 726 688510452 133691054 0
0 628 44385353 34663248 0
2 546 595 168463464
2 44 111 850613302
0 666 338740184 428402465 0
1 262 410 34373396
2 118 202 335390443
0 246 978376982 648424397 0
1 123 564 573840467
0 91 472113243 787490479 0
2 62 406 63440829
2 151 710 698731652
1 465 960 470540469
1 135 227 10601683
0 840 783310909 942248921 0
2 95 438 567087099
0 441 258453566 559491470 0
0 320 246559258 946907867 0
0 336 769085575 494750985 0
0 649 575787224 52364317 0
2 98 782 195476903
2 105 537 649060760
1 359 959 421747135
2 209 557 773849207
0 241 280617490 30952610 0
1 894 984 181955009
0 108 447277960 218936659 0
1 304 909 331806879
0 191 123821036 146338193 0
1 56 963 726158040
2 385 402 166116130
0 642 962778658 521067046 0
0 608 252057589 872749411 0
1 327 765 143827470
0 397 413760635 966264465 0
1 723 948 323017817
0 629 207741591 985323316 0
2 80 754 78862383
1 551 750 377352000
1 30 975 213488977
0 10 589663150 943367595 0
2 360 791 468886890
0 615 421755911 287349227 0
0 201 107915372 485763401 0
2 448 457 527126630
2 593 693 300666153
2 614 934 613899521
1 475 513 806607468
0 705 869141293 976780941 0
0 652 35182120 951158984 0
1 666 713 812915437
2 253 418 262159568
1 599 682 298741386
1 58 77 594145461
0 205 492077336 73602543 0
1 103 269 102852021
2 3 146 945570252
2 295 868 118656183
1 728 804 449669695
2 191 618 983389825
1 513 659 21061235
2 723 849 752302979
0 216 704707842 883777658 0
2 420 946 592399962
0 181 965905634 619523942 0
1 395 520 519611933
1 765 853 788417185
2 82 106 711868582
0 86 284956071 102774639 0
0 412 781712275 239063093 0
1 268 525 452451436
2 816 941 578163339
0 313 423977791 794901945 0
0 264 593706458 286865768 0
1 491 658 245897357
1 396 678 846902695
2 100 555 909381428
1 290 912 486706965
1 612 863 793323166
0 264 285606548 980675581 0
2 66 629 665385724
0 615 74013042 140690890 0
0 347 47746215 637059544 0
2 76 97 785130599
1 412 938 705875529
1 43 891 204310649
1 109 342 312058332
1 330 907 65812464
2 559 654 309502057
0 178 726028944 838783137 0
2 400 710 367429817
1 384 572 920042286
2 500 959 116482899
2 533 698 212749723
1 324 764 243001570
0 657 138005998 385947800 0
2 445 795 384233126
0 694 161542710 796043444 0
1 684 840 474809950
2 341 388 389505128
1 554 678 521367225
0 767 676606740 311948732 0
0 86 986037536 115287290 0
0 465 927629611 558597972 0
1 174 846 928390423
2 768 801 328967277
1 385 461 393017837
2 205 991 822484334
2 510 900 737134750
0 552 903334698 205425270 0
1 398 490 840121665
2 330 572 219964112
2 352 408 249428529
0 253 289481711 92335177 0
2 866 985 258311157
0 185 315092288 462780335 0
0 922 742597063 382854954 0
0 639 796913611 27933003 0
0 240 276011752 753694044 0
0 429 339988419 660138106 0
1 821 918 368441779
0 864 562155433 870525238 0
0 949 997351266 219423786 0
0 991 127624024 446401502 0
0 218 174575570 75037116 0
2 345 367 904882495
1 149 822 205552159
0 218 926506225 522661441 0
0 701 969619899 118450528 0
1 560 894 143173760
2 97 694 248305558
1 160 363 782990123
1 440 480 757094751
0 27 271404473 280063 0
0 927 129348932 580057767 0
0 687 443615030 715619647 0
2 765 873 250775194
0 722 626636345 244511938 0
0 436 578895483 1092951 0
2 153 225 343365911
1 261 730 896253583
1 88 881 702093814
0 148 603294478 507522488 0
0 309 929802569 5860781 0
1 190 328 969153992
1 80 303 733726899
2 164 487 634812983
0 900 887279198 968695323 0
0 599 33124695 917971798 0
1 390 795 567422995
0 908 657646424 282257615 0
1 144 175 434788227
0 91 361951265 979616435 0
1 103 214 855853629
2 586 701 177601134
2 619 625 220195036
1 671 942 259635272
0 845 169802267 686915415 0
1 507 582 566582690
2 360 776 888025419
0 865 572423209 871903957 0
2 174 953 750635366
0 414 706834495 730936633 0
2 315 838 701194988
0 940 196639659 878614455 0
1 84 319 724119830
2 431 851 543964421
1 266 428 725891295
0 306 719623672 382383938 0
0 651 357126132 527604951 0
0 646 462542507 89856445 0
2 222 433 232813191
2 155 600 291507288
2 22 303 260734790
0 835 793795480 382088656 0
0 632 516242102 545122824 0
1 151 796 233769756
0 872 303013922 444321389 0
1 326 373 717939473
1 179 883 119223771
0 534 188075401 995047913 0
1 267 410 720410218
0 501 158926420 354410658 0
1 148 175 782007914
2 269 671 5172441
1 586 768 204407440
0 762 178164568 801811045 0
0 972 588293407 956068559 0
2 435 911 141426211
0 72 765025487 56749616 0
0 146 983696727 712143483 0
2 792 806 517879326
1 317 478 888646731
0 133 614662065 240558268 0
0 518 759862926 336165465 0
2 533 625 206513924
0 369 227437714 647688876 0
2 241 428 120623858
2 240 918 383387779
1 242 949 684219706
1 312 319 51091053
0 45 722743190 956946559 0
0 862 300127019 256705532 0
0 168 170925522 196191787 0
2 181 188 585777484
1 599 655 665303517
0 580 593129532 39921982 0
2 356 710 327497619
0 941 502264357 481001010 0
1 628 772 723002262
2 794 852 152477973
2 82 684 216879779
0 543 71593214 686360049 0
0 80 919723016 944429955 0
1 130 649 544751522
1 152 204 943267396
1 471 548 751169487
2 160 293 303018475
1 191 771 1714111
1 673 745 86329234
1 205 367 207941376
2 167 679 626199716
1 137 473 83089491
0 125 117241160 823333353 0
2 661 664 593984934
0 890 962191027 570912199 0
2 385 910 528161527
2 511 626 372040022
1 156 859 182518009
2 356 880 319580340
0 597 295273871 708357912 0
0 551 590134827 360412075 0
2 157 421 915829454
0 900 612941003 304806274 0
1 372 922 779985492
0 858 826847470 299072108 0
0 52 278943571 166793364 0
2 870 949 323831138
2 375 954 113758288
1 317 985 629696714
0 61 946498167 912793841 0
0 730 771295003 97647157 0
0 101 525755879 423624208 0
1 571 672 31677326
0 511 889146407 967658910 0
0 837 60522126 591431153 0
2 364 518 38220114
1 290 846 932413166
1 223 549 730435044
0 881 305192179 930353296 0
1 548 738 376172662
1 349 573 13761933
0 281 592810161 869471440 0
0 845 983739830 226255000 0
1 826 927 372957199
0 230 387186270 677526761 0
1 272 871 559916237
1 446 633 263705446
1 676 832 70139060
0 946 290263024 280996754 0
0 442 795703587 547933928 0
2 217 639 194038562
2 132 212 628262866
2 47 126 42328606
0 385 922517537 53749235 0
0 475 339414560 586285124 0
1 465 841 347789957
1 490 761 920775942
2 219 551 573958769
2 715 715 644670369
2 125 328 7086939
0 119 241863419 429042625 0
1 298 405 502769931
2 47 606 520602922
0 201 416538473 219343379 0
1 12 594 632758076
2 177 716 352383399
0 635 44932961 27739985 0
2 543 834 13332999
0 527 61146134 759836134 0
2 76 700 795493584
0 982 408811630 199228706 0
1 72 853 313846669
2 608 698 876298273
2 375 400 346974781
0 424 837557689 461697333 0
2 516 756 577458655
1 225 853 791894955
2 27 666 446751703
0 685 910839837 18303478 0
2 363 917 906165608
2 125 312 866239006
0 62 497737686 622002250 0
0 530 2534306 592373430 0
2 298 897 497400355
2 301 810 990475998
2 544 986 791936199
1 92 425 193044465
1 347 408 563902882
1 310 480 430997726
1 24 568 432098415
0 952 132549434 978033654 0
0 884 861799664 130751660 0
2 377 826 930256288
0 158 930304662 986069009 0
2 230 449 140208971
0 623 11637471 954219262 0
2 405 533 6164627
0 731 882314138 410294610 0
1 133 437 132665600
2 481 492 322575546
1 11 616 574647896
2 38 848 707390974
2 337 765 354919033
0 250 599538499 447961138 0
0 467 231035220 699577187 0
2 373 685 392753689
2 114 304 830095945
0 852 471155987 439497578 0
1 421 590 614900252
2 618 770 549932098
1 265 581 468055769
0 16 508046132 12575293 0
2 89 810 869334415
1 280 900 107230310
2 403 574 484249258
2 125 351 153681244
0 181 840995504 10387828 0
2 514 965 236107166
1 817 904 610019303
1 31 689 507689661
1 253 607 165179379
0 222 656050643 397932077 0
0 602 316864879 778865459 0
1 207 673 243126784
2 294 987 339161716
1 22 563 837814519
1 617 663 865398398
1 61 519 716747498
2 384 910 464543951
0 544 562318268 568311563 0
0 491 974688705 240589691 0
2 542 919 852329497
2 417 441 715099792
2 558 631 715362075
0 838 526462284 618729169 0
0 646 869201749 686599988 0
1 160 637 271422038
2 24 936 29071362
0 446 458252983 326305868 0
0 213 862865545 392478932 0
1 87 620 69663200
2 146 191 368718314
0 462 749903662 196135593 0
1 487 772 194153942
0 620 842179558 524316349 0
0 694 693876544 205620101 0
2 263 553 557525626
2 442 809 616796309
1 344 788 467282057
0 926 70407358 689309156 0
2 45 823 153179206
1 368 375 746435115
0 574 735616091 744539867 0
1 213 806 279735321
2 107 600 988481431
2 716 825 600775290
0 741 507961536 444383836 0
0 196 450969052 490181609 0
1 932 944 340240406
2 543 769 315585488
1 527 562 728262579
0 410 248752438 221826453 0
2 265 379 582683316
2 233 261 182696228
1 136 239 785249454
0 468 225837862 266315766 0
2 250 635 946942091
2 250 491 596019426
2 377 666 41421231
1 54 111 88750521
0 456 830107514 640214884 0
1 768 934 281555559
0 194 202111277 719997798 0
0 138 325877548 364104453 0
2 852 962 832081099
1 480 555 566813027
1 874 984 509160367
0 327 948219582 519421446 0
1 274 744 844812788
0 528 285777383 56862310 0
2 690 709 601918452
0 215 343911408 779859655 0
0 871 520896157 396637315 0
1 297 836 458043218
1 152 751 212742405
1 337 682 975100050
2 376 682 817737860
2 75 276 862617073
1 80 211 797255046
2 210 597 424025111
0 954 278832321 869415300 0
2 166 625 597975842
0 924 191198109 760344567 0
2 246 585 44001468
0 68 76958641 910126332 0
2 45 73 922026628
1 183 292 14577907
2 766 854 487050034
2 48 719 813046896
0 567 640264269 655601563 0
0 114 480920956 783829103 0
0 400 418334713 97315210 0
2 702 894 891727663
0 552 94961550 527788213 0
1 45 439 849669972
2 111 244 60014234
2 364 471 681791085
0 330 873410341 89061770 0
2 248 751 964763912
1 393 409 642180271
0 470 84239815 591757549 0
2 203 385 778186077
2 50 320 115166793
2 150 772 253996205
1 866 880 514137035
0 429 675324725 520428047 0
2 647 873 545804958
1 840 965 798366229
1 61 768 305494629
0 464 571316808 585404931 0
1 378 809 313779226
0 587 123102627 307367564 0
1 455 644 43767009
2 835 987 719225637
2 529 700 540099892
0 941 499690839 76419763 0
0 158 468073757 760518257 0
0 572 60651597 266383506 0
2 37 798 209308127
1 28 429 765461842
1 364 628 671178449
2 223 259 20951702
0 76 644511871 881589839 0
0 772 997949198 119413124 0
1 288 413 994405112
2 713 928 108398249
2 69 798 689435703
1 258 504 636736841
0 602 952401281 762063109 0
2 605 977 234115476
2 363 628 607324230
0 213 351757574 150747910 0
0 425 294471252 791691687 0
1 582 585 973034371
1 654 952 45360898
0 285 868905638 956727309 0
2 561 746 665486204
0 626 855761414 982213829 0
2 38 972 170411574
2 180 309 772618446
1 25 581 869009247
1 408 917 232279337
2 326 601 353178401
2 284 749 641362029
1 135 164 289303800
1 586 982 935816845
