997 994
801978560 1 682142538
576826718 1 110643588
872021311 1 173455495
171871728 1 271056265
489203654 1 801329567
523608185 1 864844366
453598963 1 338794337
822177141 1 737638908
811074391 1 462149872
357681818 1 651556433
819084715 1 263424582
143032367 1 689506079
105947195 1 803834540
226522377 1 978063564
941970186 1 554220356
975159387 1 533873361
887946200 1 84731263
478160948 1 543516219
460328038 1 203420071
243882112 1 338689069
812960134 1 245853526
615067955 1 907848796
984212291 1 982278653
114057991 1 783614866
843741821 1 246905695
372140686 1 732529195
63227115 1 997948947
991028914 1 350026395
936695543 1 686296581
130605044 1 915226597
976479690 1 87999733
660647376 1 989013029
93055798 1 612669686
185240031 1 955500296
157435691 1 15307505
172287504 1 45954127
863066558 1 721474848
679613401 1 954749520
732289003 1 956494227
951484807 1 385491060
720497614 1 328503470
462453769 1 274613690
878891336 1 441149353
57730978 1 11857715
955312635 1 317423375
329315202 1 554565252
320854463 1 882297151
697787216 1 124487783
363560293 1 468257006
973169088 1 564503338
594474625 1 163186595
183464644 1 545883438
635978911 1 679484474
952854870 1 349041513
349660411 1 353173858
990950596 1 347537381
2609345 1 849280031
411417145 1 495130687
892071185 1 444617288
209272012 1 402351144
186099742 1 380571914
407647891 1 364999656
968370306 1 348595043
695320 1 112475862
221258753 1 472430760
874388528 1 965112289
762440849 1 185924351
915188269 1 719326730
402396935 1 79369702
644824234 1 900028135
110147700 1 409963690
781849950 1 62722338
855392076 1 528998641
161676775 1 468717816
154334177 1 219449649
870397971 1 230430907
250799091 1 938686262
434739993 1 322176848
265178674 1 804482720
487891149 1 13063858
348652778 1 394750818
745012259 1 596306541
838698684 1 884693060
93085725 1 677195300
916662185 1 116184418
358678357 1 41911307
995322702 1 847040172
932715550 1 209650541
643076526 1 519414372
160965500 1 814122791
957672935 1 853514147
515919187 1 980683819
429226031 1 364750035
253481965 1 264986623
769494136 1 359433782
567626733 1 224403259
967999903 1 685646942
94032944 1 936444943
521560143 1 837503667
353436896 1 623805626
948145713 1 783658481
173056366 1 166117908
595897483 1 928268967
437549906 1 215008773
348962469 1 314827704
543790898 1 997265931
289516227 1 953567454
932933866 1 114392504
896672492 1 723078434
995578077 1 168191282
677901571 1 342918501
837734278 1 205203378
763588968 1 618342107
796690873 1 752875013
656723203 1 421543307
799264869 1 726855950
21679451 1 719008464
251170037 1 18782274
466101565 1 413311963
260686457 1 975669290
910196239 1 155420718
915128925 1 82020581
33100108 1 38447138
802168383 1 821292195
82447161 1 299262818
119543739 1 155008555
456339350 1 208324462
588528300 1 550911830
325263717 1 96597529
397298347 1 686307217
130420430 1 114482188
498843609 1 442143327
569657110 1 386414401
798966591 1 241421781
83073546 1 501345672
880724913 1 559528221
4334666 1 511357701
717231750 1 240845555
305609046 1 405536944
556285393 1 908859435
628430597 1 348805843
1591729 1 576803369
206111669 1 78899088
97301434 1 53507431
688135282 1 858477913
377129318 1 218333171
27807063 1 339284342
948388911 1 539412462
922576775 1 923586178
792844629 1 19687950
444622197 1 454646510
963827110 1 408881180
733563371 1 90490749
941291432 1 375248759
573261569 1 910613958
863413889 1 700186512
959969322 1 110094006
494760709 1 758990956
77503322 1 944881931
608339736 1 503978277
616470816 1 323307482
912702445 1 150259305
246959309 1 268830985
456308230 1 178925817
427466374 1 765348822
632886325 1 753382444
827100039 1 572352334
809002950 1 907043945
218833394 1 20080855
58083946 1 431726000
348586884 1 394594983
85295157 1 689365522
90045666 1 474413642
785159049 1 859113524
391484953 1 305622815
235792639 1 186956241
632868732 1 840110300
791859820 1 577258037
449571476 1 489303558
83921288 1 791194818
714669282 1 362234490
828136958 1 708719471
87928554 1 483380711
592247787 1 879230276
99261497 1 856259153
211475785 1 650980575
524037334 1 355308176
155406067 1 622935794
162964587 1 726976719
641197790 1 168147138
736739438 1 428166413
925265949 1 981673642
94758380 1 439169951
314145760 1 850619030
250827551 1 991112108
878593991 1 183982728
753253263 1 196576688
555773356 1 5353239
934589000 1 694127097
5726575 1 281100779
384584551 1 675618605
105413111 1 288660546
257594311 1 312787138
313902460 1 762369390
962388398 1 337888645
490110199 1 352698709
297839615 1 164165140
73426205 1 497643248
745847627 1 704738148
329324362 1 261420748
86635254 1 644607291
100873878 1 809277836
879974391 1 107227318
460044027 1 704458341
838737803 1 294180549
529782560 1 530112928
605421040 1 641055402
43959560 1 102581019
944633144 1 783032446
908680746 1 571253961
961428321 1 123970476
80180335 1 635750701
849734682 1 800933236
921944208 1 937222627
36006409 1 932369257
10908949 1 234151448
94451749 1 98344436
239459276 1 87034125
724929319 1 854032079
144674584 1 378861719
750736662 1 634728330
138280475 1 827116450
400367847 1 568389641
589224701 1 226212009
582717058 1 950172931
864661699 1 715975744
674598355 1 323573381
274600980 1 174831499
732438653 1 168449646
565768377 1 73666244
661616583 1 347707120
42881471 1 807688120
814155404 1 524986645
669786049 1 274368586
942604455 1 129047352
948051841 1 136746223
613051348 1 47927176
518484103 1 282865457
642505728 1 490840712
130394788 1 869127213
459961272 1 516153746
546667368 1 553331476
577546181 1 793710927
235967820 1 574403501
180862836 1 470123584
206788238 1 776389842
994698826 1 870531385
647206505 1 991812334
644147533 1 379107808
891572041 1 945174150
251508064 1 34984243
761073167 1 297323181
77125281 1 25113087
551169319 1 942111629
819721629 1 470283625
229708029 1 341486821
816818496 1 141138281
357007893 1 634527878
3246363 1 838092618
519807768 1 580068565
621124419 1 779184684
167088877 1 151917389
647555697 1 47355266
181488626 1 658841338
35198201 1 149339029
763874340 1 965636862
964835828 1 990884862
803203148 1 814457103
130734179 1 221385264
224967074 1 883974135
946500625 1 693717996
824488078 1 619878931
426049367 1 692727754
251797175 1 637389781
653690086 1 217951159
428325507 1 973320771
87370556 1 767419249
853182673 1 621037941
176385902 1 945788685
807098453 1 371661594
827922412 1 340908402
767850147 1 452975860
38310599 1 637408988
319639759 1 374890327
60005891 1 615672665
790495320 1 148491182
652211145 1 663767375
40867514 1 556741366
223192148 1 590966772
324243176 1 150694978
312412040 1 758460885
923541597 1 960250677
783192117 1 726141776
102636221 1 200603275
535778051 1 305629465
965542876 1 716834448
98326289 1 833912505
368898589 1 611865511
501282081 1 795184394
288550370 1 890342596
820195685 1 969668796
864484950 1 614985202
337499244 1 570216660
169120260 1 749948623
380665614 1 157836584
778177917 1 809074955
993600150 1 145362148
939441776 1 432275181
62283956 1 60439815
528790069 1 74246606
670721958 1 933031655
942614692 1 807229595
401883543 1 526800553
417106807 1 576124503
90057261 1 699394506
266144513 1 539160727
576788653 1 622310809
533536240 1 318780932
172625355 1 715392442
452807106 1 594216156
848904759 1 941972132
275818926 1 534235506
709945639 1 242266148
352495874 1 37440682
725954721 1 967578584
127174315 1 729428606
239416860 1 44534709
917124807 1 31049851
862472263 1 33311874
33419761 1 902571076
936495929 1 384581722
227479849 1 481399310
981976066 1 431742254
363945856 1 803820323
612094835 1 159402817
710222318 1 558607455
351948328 1 555473834
471388935 1 99042486
283734563 1 904056533
608723905 1 270259116
875484115 1 119696130
370973552 1 183246811
69957117 1 59007685
809167162 1 622939505
860789461 1 755534724
695773513 1 714701999
614933958 1 168748029
55356294 1 458995819
859549108 1 875293373
203440015 1 72037519
775550868 1 985744553
182440426 1 336845975
438255345 1 345289593
158510955 1 363475479
713142111 1 291462200
968948050 1 695761715
720465202 1 722427334
925534132 1 697516326
93738696 1 70629206
512215260 1 445587132
135895520 1 567967472
35931045 1 835837655
927135394 1 766601200
509129737 1 679013101
548752741 1 627612037
943804333 1 11471240
178259696 1 722195763
789823210 1 780889285
71780017 1 976612689
655306887 1 995365078
846790592 1 755665804
366657839 1 935160448
722349081 1 842155874
333445574 1 469853597
311523706 1 978521256
736388750 1 593998748
992087800 1 431936005
44845063 1 387541500
830590187 1 668114805
360636847 1 408547540
557561650 1 859825350
248227408 1 939475278
504243874 1 523903006
703208989 1 390296616
345065327 1 918738035
553446138 1 348758066
333543564 1 579719185
491317096 1 493881554
715579552 1 976732952
673707400 1 441031811
127250984 1 29959676
50482266 1 492356433
912731252 1 239038467
907277777 1 15039838
347358776 1 9870794
412232584 1 159961441
555025170 1 185403329
253558493 1 809995042
274052956 1 270239914
598395366 1 64375295
372878397 1 853275678
231251993 1 576773995
525268098 1 962059528
434422908 1 913243497
557005335 1 553233448
134603606 1 272643349
652118820 1 840566417
118606776 1 674841883
770062223 1 98796587
987737668 1 817674302
11728104 1 310818354
178390752 1 310957011
125008338 1 293109173
711563164 1 141874755
397916270 1 297054744
363258093 1 522683789
319616886 1 348067730
54697614 1 513871297
102034667 1 6071728
759355219 1 372387718
739693529 1 155131344
256067341 1 775601813
750484227 1 186446247
31288152 1 491352123
825690487 1 720337339
426125906 1 578222555
860166393 1 819035114
59587175 1 135692138
336165736 1 758645218
897965976 1 412439025
337108884 1 704610214
889987750 1 639893007
673130370 1 176638479
900777699 1 511879796
462291258 1 819289417
483698351 1 755680871
807729456 1 704410450
849955784 1 626001985
778891020 1 322857598
348529532 1 141736944
709839154 1 312802293
91451361 1 234709365
559416658 1 302694964
109420957 1 963091302
511516762 1 391024520
977784623 1 697855341
336625398 1 548082838
324994277 1 906087111
186304052 1 32298710
845312366 1 984577221
471418567 1 813725459
86980030 1 778250574
924921588 1 34818028
430442127 1 202907995
692324007 1 4207703
610756197 1 336060282
473128136 1 411235865
562332732 1 428494413
105011618 1 183213134
249792910 1 250294024
45002141 1 407658983
292820208 1 261019637
322641970 1 677106727
705599983 1 889209587
892847110 1 713378086
496233870 1 79850483
378822176 1 450995790
420962938 1 729743226
890338460 1 202536673
474970252 1 460085539
546573791 1 66671216
149867115 1 8704538
937239087 1 763728741
289858161 1 669605793
715056836 1 185752955
798154228 1 151617935
606383835 1 588182592
182450084 1 678068427
883877692 1 82534810
705832174 1 338165206
824183433 1 788753471
610199698 1 344444735
101334359 1 931257915
783542795 1 305868844
870479084 1 209066862
748310690 1 623328983
100059827 1 873859083
891065234 1 969853711
74737615 1 199638811
432842371 1 456619187
148794806 1 448960760
318577737 1 837032507
45934323 1 511771090
53212536 1 675190575
793818300 1 346595373
469988485 1 587911853
783605007 1 108481377
870217362 1 280829415
31375418 1 162484761
213660424 1 667804323
633336677 1 308777173
514291500 1 107258297
298085427 1 785897576
379774240 1 720650649
370288246 1 853255290
436571960 1 178433218
773520528 1 723853831
149879126 1 764788812
42203677 1 81429981
150677801 1 243239519
831586170 1 429372194
758514365 1 411293882
756476397 1 579744205
905635691 1 399578925
447742024 1 733836584
363977042 1 503741983
849654958 1 662532693
758532702 1 121737480
322197678 1 257263301
509068748 1 418180344
114653951 1 987344578
106800694 1 246048527
234369805 1 419957734
125488383 1 225606403
625985645 1 65059746
267285191 1 29559197
492795304 1 397540793
304992429 1 125265723
237707701 1 525511362
616586529 1 967031376
479614218 1 600111785
823590839 1 411937248
656249085 1 855350062
744922683 1 731667461
786211896 1 960173668
748411084 1 215598188
754209406 1 475105587
556710520 1 157237976
941235754 1 656320984
420529555 1 231182750
692692336 1 782638688
848123772 1 369099816
895640043 1 983966512
745013578 1 26416499
852842028 1 367821184
81533891 1 331761296
831337326 1 493082075
580932699 1 841305382
404261628 1 689120928
193237363 1 22319598
492393291 1 269077124
705877597 1 893714230
704835987 1 200384270
57969527 1 757276511
183499156 1 63016730
208127950 1 530287455
719664078 1 793405783
7513360 1 651077952
81970484 1 194512585
494220229 1 571325087
310609376 1 459325767
206545104 1 305871662
25277300 1 796735998
730784068 1 417894194
723621303 1 304246764
472120125 1 51053061
780950219 1 735585893
735627788 1 836899989
78127012 1 962960274
994429708 1 661199843
146837138 1 875466477
758718794 1 418262918
149099945 1 171612103
181064931 1 464021542
149829823 1 929090499
442867051 1 526872065
985071751 1 827438424
863337067 1 305551209
662365716 1 7969362
58168352 1 940300099
590878691 1 477434449
390644046 1 912374665
266887578 1 101838152
340790912 1 634239945
677193401 1 789998079
285262160 1 418748325
860976729 1 709409938
94565399 1 502826321
404114789 1 485549297
194392732 1 237498392
390762295 1 818861406
681831814 1 438929112
613890509 1 423553265
42978531 1 408722049
347987440 1 109488663
486117304 1 949800089
122436453 1 84142351
193580335 1 716967355
518142787 1 699933292
104008907 1 281930771
712016904 1 921318806
426233177 1 169751012
73266655 1 819489608
340682222 1 460116994
626092762 1 422890515
243515423 1 206123096
806367058 1 392546010
722657774 1 380017764
152918448 1 717563733
37271995 1 562316214
924419122 1 844586126
829436014 1 188896885
687795581 1 154472294
723771104 1 821987289
160050928 1 455149841
703114385 1 470932658
945515250 1 805595542
47550573 1 713673184
752992042 1 407580240
437355070 1 808887000
58356094 1 182126703
494064340 1 682186790
418134600 1 371098488
363307374 1 649758181
377791344 1 543062977
882140193 1 200593992
525019879 1 375645430
218488577 1 251436053
763080472 1 328982679
683671879 1 684652837
417853135 1 255337591
932159228 1 905053414
691858985 1 872788287
408020879 1 938507993
907498607 1 812898536
954461910 1 893040916
154631141 1 772117829
759661351 1 801560256
248539520 1 614936183
963829798 1 621435548
40795771 1 262287734
675793990 1 27723128
76142656 1 690599567
419141649 1 199558331
987501605 1 96008161
561043850 1 257192158
892821005 1 666777567
804670915 1 934288367
131269053 1 994834385
828086695 1 6008847
163267087 1 499809874
563499258 1 521608692
525412199 1 618900947
942391390 1 666983272
825993616 1 698559255
535606441 1 323252680
973363223 1 654627765
572809102 1 570743941
534991226 1 32212122
577583521 1 535705510
833818275 1 532295812
532260102 1 670514757
827068317 1 235488904
970432751 1 473372942
547893709 1 355625100
262197273 1 40238275
585564861 1 170684877
808550110 1 644028602
295682335 1 166841691
498222425 1 714724701
99712827 1 241900696
923021507 1 861954729
546650078 1 261631421
1526905 1 740923056
275511334 1 955335254
259361698 1 597957655
10681217 1 356165056
101842210 1 866185368
903118979 1 709137330
220295971 1 56308609
618272506 1 575762097
668878876 1 108741684
929676452 1 681330330
783641653 1 871313573
263922588 1 406433564
732770181 1 670200799
621881268 1 718071355
672123032 1 14615679
868095460 1 374033103
231644800 1 128037687
130895823 1 231219971
436736163 1 334223693
645750285 1 100840150
593912014 1 813455129
410002543 1 623944349
409129496 1 102359690
61050401 1 20886911
784026162 1 345548194
596484721 1 729927671
663538630 1 444935413
777150704 1 991055446
835284057 1 734963246
923563025 1 986426175
644046773 1 822767243
404550212 1 128611881
603325456 1 741011804
931810149 1 184719841
673878429 1 365155975
836793361 1 826798853
643526359 1 976584967
791811722 1 761476746
292484063 1 978967913
447394853 1 760031286
426267157 1 705462349
269758290 1 845816102
63276948 1 321393899
578826836 1 224388682
12702001 1 609426315
94071488 1 878694116
827732831 1 691402764
201372340 1 614415117
884501421 1 779374686
220489983 1 544758320
778264232 1 763607816
543062184 1 787300749
241431179 1 909753763
825204353 1 956781239
585169576 1 128654172
960272510 1 709685783
992842711 1 850817910
892212685 1 80186726
798614976 1 55848902
128521822 1 752087607
114756091 1 335921973
15969375 1 146207851
171272378 1 368982082
60076749 1 53503162
112154529 1 878579581
312440281 1 486954801
362245325 1 236744205
904440504 1 499300782
865706306 1 66559019
890861482 1 522009190
809922917 1 319214501
179354625 1 30113376
686171366 1 273112668
816309109 1 867280888
196048104 1 842990790
263863737 1 330116445
239286909 1 143510636
134842228 1 703856402
359495193 1 940115565
976494681 1 381812337
683665677 1 45723130
2040493 1 693027875
635638683 1 173545176
331683074 1 600159913
709599148 1 606006241
601802293 1 280654039
428636483 1 277839235
618020437 1 181631059
527036198 1 142696511
734887814 1 10830874
254261366 1 77028139
776483547 1 66556668
369974033 1 955491953
566290682 1 418320923
722613294 1 809859534
199495920 1 55923568
242598796 1 227142420
920933189 1 276370502
658873650 1 991567016
68097990 1 190895037
445238512 1 274775044
174710057 1 726251848
622188096 1 785436726
614851058 1 70044463
611609073 1 33019999
967594469 1 474248462
557553192 1 29702710
151862534 1 256663124
216558036 1 912326787
958851228 1 578130117
492157354 1 673966500
608853361 1 784920313
631213726 1 918734347
403583455 1 200407771
329160127 1 874456765
635362 1 707521578
114668550 1 422534100
256555796 1 382408443
309764588 1 738181887
35239505 1 60596789
301533669 1 273638909
134034932 1 253136403
242188604 1 2746662
336564101 1 730991270
654262243 1 518048226
209664611 1 571088465
933692091 1 721284399
304099314 1 261659723
30234737 1 352943647
336590671 1 388721440
31444990 1 549264471
907576075 1 917248817
886204616 1 645814930
933579426 1 34852143
537971816 1 104500508
771006283 1 61171876
683373733 1 922609752
397747966 1 138945130
408969912 1 241168187
722086297 1 809259825
642530099 1 329200078
151339582 1 765763070
556744920 1 445012911
555903727 1 631072422
49585811 1 737448592
696746340 1 64788567
744961479 1 195241143
384734720 1 101956624
371651572 1 226658173
623535288 1 135159588
338448398 1 701015503
859667989 1 155634108
501512765 1 411729584
193246777 1 845874513
260917159 1 452662197
425822926 1 738997046
503032329 1 338274183
535953011 1 913453836
967833833 1 878267493
691384844 1 172857675
57092421 1 332120735
458660409 1 54654400
158422527 1 244950812
260107895 1 746744329
611165904 1 963768789
866750449 1 377131035
812659621 1 500876376
771698984 1 767406269
227721550 1 667781190
844313560 1 674646538
670224091 1 399007189
131728710 1 156231155
736485543 1 497998414
425761272 1 706035899
817029299 1 890508944
222383599 1 469548921
104308175 1 868748683
481957898 1 744306329
750823273 1 960645830
721601908 1 340066395
58857200 1 188999898
51410693 1 19751763
914507108 1 13295605
45043024 1 918833383
86063954 1 951100504
681223753 1 340149204
692016083 1 957224153
252050877 1 639821482
286598073 1 683587938
955766215 1 266693195
92110908 1 404574576
623883826 1 362521712
300929107 1 190034581
552179918 1 565530148
277455445 1 190314230
91069027 1 437623367
45999146 1 368114637
673266260 1 877730828
749836252 1 542912488
13208440 1 550632827
227894513 1 493793832
387214827 1 912033264
602330410 1 785104899
143769819 1 321777818
144527928 1 411726851
491267852 1 716149501
601194341 1 23385157
399572108 1 91771760
912249556 1 877277435
735191326 1 219574176
856849380 1 233755370
42268393 1 417043211
914832856 1 347273709
909204692 1 421870982
940488084 1 804989808
266932066 1 64715192
147792849 1 332648693
219988932 1 807396252
727623394 1 922363539
902181745 1 115801859
331627412 1 136608114
393058533 1 955637264
879612625 1 975418960
186305883 1 251533242
977262313 1 532170751
149448050 1 944901709
360431836 1 187975140
970389647 1 711689705
427304373 1 885322362
558535222 1 37653250
550022061 1 880642509
966086761 1 479373534
754880109 1 150822912
461560845 1 660369434
440851446 1 130764743
728448513 1 609307942
244962089 1 792754413
644244287 1 514830020
110462563 1 387731152
560421817 1 108362893
805679432 1 396097248
489741148 1 603905388
912758871 1 380565284
271225184 1 625430048
27160501 1 883111092
917124514 1 625412031
515749415 1 232931904
813620980 1 631682606
84301772 1 1703559
475455955 1 742620841
60715347 1 317358817
271836872 1 272455233
470483795 1 7561654
477451798 1 503949401
232154343 1 89797893
652734420 1 944000297
86653528 1 832863454
895518718 1 448319547
714984575 1 377409000
771333444 1 115214065
686001785 1 768298972
94473791 1 784201469
906609957 1 17927175
946850854 1 830737638
82377904 1 153717708
479632001 1 950772362
448478354 1 960251680
286935257 1 218682775
156656107 1 359883533
13955413 1 312847888
788616863 1 510804015
454310598 1 338531534
448748327 1 921852218
985764448 1 283187708
201500097 1 790425970
675913569 1 491522970
92147170 1 654054193
55955267 1 129489916
630240485 1 43834980
769062102 1 672421960
255968666 1 574433039
186572918 1 944811771
543724520 1 211706821
589836101 1 736020069
964396091 1 618130480
295715982 1 383443752
273836582 1 734168975
506690296 1 9543357
977003126 1 970410803
301437152 1 442379759
470312345 1 152815873
339363756 1 18544477
411753001 1 703958515
853529403 1 874412540
340543864 1 285143191
194308619 1 276726676
605843670 1 313995150
409848282 1 395556670
680572809 1 715644942
968722684 1 578249708
563753100 1 953789537
338335913 1 771074785
294898014 1 422732388
408044666 1 632157749
790173965 1 43405833
206477377 1 324779858
320772718 1 669449173
368363114 1 151102842
78727251 1 154734434
308845836 1 410047550
93777990 1 475773406
39104084 1 627489288
793354873 1 311116939
385785807 1 297471634
1 6 43 196404159
1 324 441 621365614
0 128 330386135 1 969667526
1 125 862 963556154
1 169 582 602337483
0 32 315521528 1 453097622
2 77 410 503543689
1 9 28 180459264
2 248 444 202084719
2 875 995 996755355
0 508 612755130 1 531511670
2 392 693 52449552
0 603 847855826 1 431254872
0 79 19444130 1 965771459
1 411 718 441388189
1 453 959 467830533
2 552 719 165096081
0 222 919866776 1 535762580
0 727 353433161 1 14405224
1 412 937 733156359
2 613 797 958764907
1 585 883 782011775
1 99 517 163309536
0 860 498886206 1 943102923
1 200 340 205094697
0 477 986853589 1 531853507
1 101 178 115408952
0 583 314830824 1 923655681
1 54 201 187799173
0 360 683376967 1 342025324
0 760 221141053 1 37053302
1 781 941 819135584
1 92 439 848592163
1 153 708 770059892
0 478 830951303 1 756962319
0 435 577725870 1 220207177
0 973 24845680 1 346194491
1 128 863 898089396
0 226 126961776 1 866045288
0 434 365695563 1 223441172
1 875 982 827370472
1 431 881 961339846
2 588 910 877395918
1 40 254 12062317
0 195 679415877 1 427716374
2 265 648 276357162
1 456 956 359301436
1 91 975 784062564
1 204 431 856732849
1 84 576 453298315
1 217 736 699850874
1 259 351 582899527
1 41 573 568672337
0 162 971458295 1 871029541
1 811 875 793454969
0 734 825649816 1 717789439
0 127 298912642 1 58525229
0 985 778600972 1 461247480
0 40 346978620 1 497735080
0 972 350046691 1 488881434
2 23 658 178917079
2 634 671 232714385
1 487 673 194470825
0 647 995190364 1 685690513
1 479 887 369918713
0 867 57184500 1 746986953
2 118 232 134977310
2 57 164 252052874
2 138 886 771088151
2 343 374 21237119
0 743 957925787 1 281305183
1 573 658 314208529
0 485 441528439 1 585715537
0 909 837412305 1 259501470
0 975 785687171 1 733268465
1 689 946 655327178
2 44 81 499101122
0 919 934360965 1 889597489
2 531 646 978139692
1 836 853 375252472
1 569 867 826005659
2 81 978 550583910
1 541 924 342188732
0 489 439349626 1 113433352
1 199 861 295288183
1 496 928 614361488
2 136 664 377100156
1 595 700 508206198
1 224 370 289816409
2 22 772 966623251
2 269 463 338853682
2 77 306 921053309
1 583 598 342953005
2 280 815 235820526
0 808 543373521 1 915805776
2 96 590 302713255
1 401 573 208531990
2 38 525 695580231
0 455 120836371 1 555425300
0 604 777990670 1 992249150
1 456 467 669161009
0 373 298606567 1 58515400
0 809 473411162 1 807264961
0 533 960272731 1 8236275
0 645 817027519 1 865781847
1 210 303 921793331
2 617 788 613207204
2 207 560 186689056
1 113 859 437421695
0 935 192658258 1 568747588
1 2 40 135188237
1 243 608 383195413
1 157 207 620366338
0 514 351684054 1 669736716
1 548 689 762960654
2 83 924 259722709
2 437 841 371048028
2 292 805 576910507
1 381 693 366177946
2 13 531 686880592
2 634 694 645967090
2 182 844 970104303
0 831 850188880 1 231760115
1 67 462 667133209
0 773 237590329 1 456929281
0 327 860198701 1 119955141
0 184 369867784 1 332822167
1 453 690 352816178
2 375 950 718040863
2 261 394 465862224
0 596 831087935 1 468123470
1 85 435 313763759
1 288 653 908814919
0 828 74246793 1 806809135
2 123 693 358139192
1 350 562 895330860
2 126 491 399027377
2 149 205 341670679
2 85 877 108134334
0 650 439830244 1 956264232
2 267 538 955456884
1 634 679 921116072
1 246 616 183221202
1 104 236 917904239
0 27 365886018 1 136260714
2 475 600 536999275
0 124 742038822 1 203595058
0 84 612071911 1 132633237
2 14 932 720632792
1 69 753 587565208
0 118 786807656 1 17763048
1 399 900 347487873
0 359 928152263 1 476289438
0 84 33396122 1 307816073
1 81 882 304489486
1 511 984 540924478
2 447 940 239530873
0 860 494588730 1 166600089
2 637 820 795563277
1 409 773 648532547
1 60 315 827802595
0 571 712816022 1 499629928
0 804 665104216 1 946444879
2 489 808 636517172
1 486 859 838850548
1 255 285 67357607
0 137 583007283 1 797784775
0 542 579959271 1 35841894
2 20 666 439052609
0 524 232369571 1 859134983
0 772 70528756 1 639234551
1 37 876 463478452
0 202 964098029 1 466239226
0 473 786372153 1 680198862
0 75 930843933 1 211450270
0 689 3150363 1 425331371
2 220 545 946965468
2 20 665 252802911
0 613 359417189 1 115252646
1 299 736 345908539
1 29 649 831290687
2 78 115 975970672
0 611 891016163 1 359561126
1 62 695 371207905
0 662 571803861 1 897951545
0 752 484106844 1 990580729
1 237 528 114220640
1 51 91 420842428
1 277 916 600863854
0 23 155119765 1 848446445
1 776 990 486300301
2 12 71 204902990
0 36 637750186 1 500039386
1 432 432 773178124
2 377 781 315925397
2 344 485 855253563
1 120 429 534376578
1 42 824 12415629
1 347 390 648651858
2 85 241 997098248
2 78 497 961178690
2 439 767 662944242
2 602 928 5834704
0 812 355069437 1 56685094
0 996 393057594 1 312351391
1 50 634 880317345
0 863 75504089 1 681192688
1 643 914 446816726
0 66 345483204 1 901439472
1 440 683 143310647
1 140 942 984491300
0 41 182390351 1 534453835
1 587 755 852557449
0 744 474544108 1 955447132
0 220 646224411 1 928380624
1 381 747 49524419
0 650 177724176 1 795116859
0 307 826418363 1 750520788
1 315 560 877628193
0 598 269641300 1 406024307
1 267 802 252295428
0 943 239947705 1 814012731
1 334 416 925190482
2 231 788 81485390
1 196 585 420552391
1 200 784 284301508
0 835 840443169 1 92796005
2 526 899 292978877
1 283 983 904326421
1 2 572 284700677
0 782 350042528 1 209678567
0 30 329854618 1 202016104
1 911 993 571794920
0 872 40570467 1 804538021
0 639 105629999 1 246510254
1 16 402 711917294
1 258 716 259364966
0 250 439537166 1 900429865
2 845 856 832377499
1 408 887 699550889
1 490 761 105384601
0 355 736839097 1 728182703
2 601 993 986336348
1 360 937 177416811
2 306 673 351456060
1 370 388 637905840
1 27 717 588014626
1 129 134 230025282
2 459 976 367356783
1 530 792 854960576
2 525 863 487994480
0 536 701346089 1 282872374
2 96 347 61300864
2 379 964 607402568
1 220 960 415196106
2 170 916 17240071
1 601 749 543138514
2 463 598 803585293
2 121 580 28447733
0 11 776128384 1 117614572
2 109 573 344553902
1 735 806 912448686
2 164 376 351472701
0 51 715083477 1 750665976
0 225 530555441 1 937912434
2 624 950 761825727
1 430 466 11284801
1 813 891 367521606
1 100 770 551590547
2 198 898 531479857
0 915 733926680 1 868559003
1 85 683 361230412
2 572 813 211255029
2 79 387 456995984
1 675 762 280155512
1 253 927 760428043
0 976 64297989 1 909087514
1 36 627 382723064
0 964 579792853 1 32796101
0 974 625984142 1 715915737
0 208 44629268 1 808149583
0 909 660097802 1 276811715
2 372 482 191695502
1 209 460 991436742
1 426 430 298710931
1 526 703 808603246
0 301 895388639 1 453563897
0 167 346562324 1 951301226
2 187 961 627393117
2 818 936 860133713
2 10 540 774013677
1 455 662 597171468
0 291 345371320 1 838797045
0 787 427814628 1 899699983
1 582 966 456727784
1 793 932 54229175
2 466 561 441289189
1 510 613 66168648
1 897 953 137387198
0 198 898885326 1 359109980
2 597 913 232284130
1 266 665 483073779
2 57 339 639519504
0 28 493812248 1 668376091
2 165 944 85930352
1 584 850 297010963
0 53 47827331 1 86048682
0 443 1480795 1 840455314
2 63 808 810993587
0 96 512917509 1 198083142
1 603 964 845895126
0 230 814325992 1 543135933
0 8 294605905 1 371959366
1 778 953 518695227
1 519 868 565969251
1 304 374 284750034
2 737 890 82097641
2 358 587 472969504
1 140 665 546773941
2 169 876 558402731
2 95 500 448429378
2 749 924 301520100
0 178 865545291 1 35530154
0 229 298197941 1 227989443
1 636 813 482963797
2 172 647 502487814
2 522 883 862740306
0 480 951853987 1 970986250
1 187 961 826202853
2 49 912 854819478
1 662 762 682364440
1 93 766 251601160
2 143 494 986173589
1 555 571 838208653
2 125 170 891679472
1 390 413 605972678
2 415 975 527374785
2 208 367 921517069
2 250 652 757001083
1 213 429 328643743
0 975 152359327 1 430015610
1 489 697 790228071
1 319 544 562793509
1 503 926 611271938
1 498 598 911548728
2 93 687 485482954
2 32 759 694809381
1 228 997 656795154
0 445 378989159 1 321978008
2 590 945 696532344
2 878 967 411337515
0 923 968225387 1 816436320
0 416 843829095 1 378464280
0 740 33698561 1 837764741
1 637 966 558065198
0 207 312922386 1 581904819
2 355 949 508652756
2 284 391 2112151
1 322 445 245356586
1 249 955 643158462
1 566 801 900804175
0 909 609949097 1 676499012
1 706 936 472779989
2 237 886 749816975
0 32 589678084 1 112770945
2 3 334 19277371
2 463 788 313648829
0 160 56388483 1 651031855
0 442 258014779 1 34891552
2 28 814 473865155
1 619 623 57901453
1 443 481 478397708
1 153 530 907526737
0 795 673734941 1 258169046
0 196 231755819 1 258023764
1 867 900 581298872
1 342 371 253139149
1 24 471 263654182
1 389 532 887479832
0 106 933844453 1 775545186
2 66 195 358060923
1 239 745 130471588
0 557 367037800 1 550849632
1 329 595 876583568
2 535 811 666559201
0 647 531464084 1 143216920
1 751 846 257893803
0 510 392879330 1 902912807
0 836 97478847 1 404549246
2 305 476 326214124
0 985 178899497 1 285320906
2 798 887 935972219
2 828 921 423456232
2 84 560 880445217
1 452 745 311722459
2 782 964 699368034
1 41 908 956215880
1 687 701 621643888
0 1 195204638 1 865976322
0 116 396207568 1 2689865
0 694 75219305 1 691423914
2 39 754 414588079
2 504 890 774825922
1 470 693 91323800
1 647 833 118633153
1 211 880 852833383
1 961 972 757942791
1 71 604 72144507
2 281 325 743486062
1 603 648 690161831
0 751 432450305 1 427522448
1 85 758 70462519
0 935 52068999 1 218018870
0 192 782014298 1 871699941
0 194 648658258 1 405765447
1 648 926 283489368
1 606 757 109769318
1 342 948 753448978
0 363 18646390 1 378476227
2 182 289 35171325
2 345 933 413218202
1 82 438 152198047
2 478 592 246040310
1 103 970 410567143
1 550 709 15767561
2 168 382 961355414
1 59 849 210348894
2 170 574 843092193
1 10 84 597377355
2 101 602 159701805
2 26 647 822111251
1 900 966 718130420
2 162 639 719943828
0 67 384296867 1 668770433
2 806 873 685768596
2 460 832 700207594
1 57 740 991263359
1 243 899 288587160
2 13 22 153001302
1 687 965 356113159
2 566 658 69888940
0 631 185924977 1 125344150
2 74 651 502406866
0 48 513957017 1 354026882
1 42 252 854790940
2 699 970 576715509
0 622 214493236 1 186520131
0 901 176436667 1 121752898
2 267 725 967274739
0 327 145010378 1 508651580
1 158 796 544164023
1 774 774 312859074
1 247 978 936253241
1 589 992 480879199
2 513 852 364746539
0 636 34004799 1 612188324
1 541 967 840260070
0 826 866514343 1 776862391
2 204 531 177485458
2 486 985 564207418
2 202 284 537670126
2 476 756 813555369
0 865 665474726 1 649149628
2 270 400 444698359
0 80 251853758 1 732024610
1 207 527 846243205
1 680 777 703263124
0 899 845932721 1 791519120
0 699 565874032 1 535850625
0 818 961261487 1 582329297
2 401 783 269112161
0 651 764723654 1 299699404
0 543 595025661 1 168728552
0 318 35106380 1 682392233
0 435 532461218 1 6656398
1 723 767 91363847
2 367 927 716043080
0 811 838495216 1 662378004
2 279 674 968138598
0 512 865496695 1 730287011
0 344 684366125 1 926003582
0 624 299171698 1 189625213
1 74 661 853493384
1 333 832 955259329
2 97 805 406300953
2 405 839 775149677
1 418 437 1550250
0 638 635073095 1 71133955
2 147 588 13040412
1 893 910 641356113
0 285 692215882 1 220447564
2 137 831 481875794
1 234 913 892659178
1 533 674 802259768
2 53 702 585877702
2 108 593 703779254
2 654 876 567850012
2 777 887 584437398
0 259 696876831 1 764062203
2 434 807 177348309
2 58 103 629347460
0 182 725275721 1 743453791
0 116 951626498 1 254590449
1 70 420 769247858
1 500 603 845228813
1 552 942 768195785
1 211 389 244027233
0 974 9310616 1 506800300
0 439 105883260 1 259155008
0 377 108286225 1 485904787
0 663 589954057 1 569131145
2 853 997 103910664
0 185 184871378 1 483726748
2 446 940 368756775
2 297 547 739260641
1 85 784 185234622
2 211 502 230660092
0 279 938653761 1 286739457
0 122 737294884 1 533337496
0 377 615678245 1 323941621
0 435 441952180 1 436907222
1 622 732 933903460
2 427 808 858757468
2 907 979 446311550
1 294 588 151806460
1 10 105 417985051
2 253 886 571163663
2 203 799 869146002
1 45 620 295837016
1 80 730 412380479
2 12 600 961843861
2 514 901 944362947
1 126 751 932846630
2 240 793 185844140
2 403 831 537626601
0 141 686688712 1 412913884
0 146 365816969 1 496386320
1 319 619 859858018
0 126 760042236 1 28725965
1 619 873 494561030
2 255 714 427131873
0 25 225243991 1 697055856
1 89 125 153532695
0 496 658800245 1 57653285
0 760 712879571 1 197808964
0 940 650443597 1 861178083
2 528 987 779282105
0 272 677426385 1 381134273
0 563 836064853 1 308512296
1 261 831 354333346
0 441 821774353 1 335822025
0 230 257511994 1 604615163
1 721 813 192942098
0 421 27591069 1 170307327
2 73 456 315623939
2 469 623 13249554
1 273 824 966602098
2 224 295 929665300
0 827 756164767 1 156104840
2 145 231 163802587
1 108 234 976611309
1 525 785 415164864
1 389 554 161183901
1 353 518 486287049
1 361 801 229401056
2 10 841 567679981
1 227 818 94670177
2 288 715 635845755
0 490 539098171 1 941978464
1 268 564 202007204
0 90 752343790 1 782934279
0 265 49252744 1 912495385
0 517 705789901 1 760041196
0 89 986523234 1 257970134
1 231 395 524553620
0 969 983775672 1 88559624
0 906 641405504 1 668773945
0 65 714634351 1 25137936
2 353 554 926264730
0 897 111778022 1 958457006
1 713 899 72976111
0 424 602268891 1 563859968
1 336 679 78034167
2 92 143 161189108
2 276 879 786508431
2 195 329 728440179
2 148 719 839994604
2 4 725 260096874
0 280 894863623 1 683170134
1 36 47 500084728
2 303 759 965050623
2 988 996 305065667
0 397 200350143 1 739677033
0 637 153662223 1 389020126
2 188 604 490403708
1 45 200 198621696
2 360 739 729668405
0 783 726757758 1 464756943
0 961 130608932 1 788970242
2 399 657 740138930
0 568 718916847 1 209654253
0 482 127449047 1 316229327
0 641 18522457 1 200798435
0 699 485727371 1 806195742
0 767 996790258 1 135582487
2 669 992 865143451
1 267 736 379659663
2 164 812 981008802
0 480 716577207 1 387717057
0 164 524118786 1 126471261
2 262 704 609381216
1 245 984 693241189
1 344 448 946870586
0 744 940765332 1 352057966
2 492 647 808173899
2 526 882 400002086
1 322 774 826477887
1 192 257 341417285
2 521 905 698338865
2 177 678 896535265
2 491 884 622854293
1 251 825 376467931
1 104 392 230277519
0 456 75551124 1 536451915
2 635 746 946435777
2 496 515 39765080
2 444 919 629188142
1 285 408 560236053
1 387 583 969507631
0 90 652111138 1 696715220
1 117 538 138347673
2 204 617 344429358
1 563 770 721706595
1 636 647 796625870
0 4 886654332 1 145704
1 556 712 761369515
2 560 771 272220915
2 89 346 612934869
2 208 983 33075785
1 310 439 330467410
0 923 825123850 1 865227714
2 59 626 753136135
0 496 857607149 1 960140745
1 15 405 463373749
2 420 906 971423832
0 603 523643965 1 40354547
2 512 551 698903323
2 132 290 797282550
2 223 738 381446412
1 491 910 784639205
2 815 838 901902466
0 467 140065372 1 470473023
0 320 94358312 1 19605358
0 900 515274630 1 950847588
0 345 367456101 1 730061229
0 63 414387932 1 36519991
1 944 956 636501889
1 249 626 380191970
2 374 527 427874850
0 111 160549689 1 219510980
0 639 556187756 1 264866939
2 96 828 507109228
0 684 875998075 1 649147894
1 34 67 78057933
1 356 698 474756479
1 135 356 173283699
2 203 779 426203793
1 264 662 969820412
2 531 858 567405162
1 547 799 436504460
2 357 792 890535786
2 51 358 98411903
2 536 763 386595622
1 104 388 931151446
0 840 620079554 1 878240460
1 31 718 277766459
2 33 766 503872457
2 357 409 988715943
1 935 983 147645483
0 806 109568662 1 214503714
2 664 830 90638836
1 521 608 174499073
0 375 433652229 1 272551361
0 444 704725913 1 113970016
1 798 924 389535694
0 1 431377333 1 494606354
1 221 742 742186805
1 659 863 904510399
0 393 165815320 1 857812575
1 577 807 256267538
0 917 347282740 1 503265896
0 824 657354621 1 308568755
0 944 457384917 1 11933602
2 369 700 900735785
0 586 628677672 1 862408903
2 468 919 898664482
0 874 680382935 1 776493691
2 215 450 989409242
1 766 885 371112542
2 1 332 942867113
2 98 255 471509046
0 924 184489143 1 4586179
1 522 681 724912071
2 205 788 529710997
0 434 246269350 1 172038452
1 50 111 260424394
1 338 759 200859157
0 124 64684914 1 58600671
0 749 180576443 1 604295465
2 276 626 324110182
1 115 148 357019287
2 415 739 912372455
0 314 501987142 1 636267242
0 517 518435329 1 807753302
0 612 366550524 1 834999956
2 1 341 90936889
2 291 317 960892217
2 297 503 802155571
1 886 967 693944545
2 440 886 297719130
2 755 802 760301400
2 910 952 575748098
1 542 563 698848978
0 604 443636162 1 445244092
0 827 470804849 1 569099201
0 578 91086000 1 562015573
1 135 356 84645650
2 54 868 157535570
1 127 977 106442360
0 340 647739578 1 179626915
0 193 450334036 1 65768688
1 207 913 166426969
2 845 939 348725584
2 179 875 296665503
0 446 395773948 1 641820918
2 143 231 197695151
1 305 947 42464428
1 804 920 457033732
0 834 676168446 1 61355415
2 201 761 314830742
0 116 362655241 1 708352071
0 857 626680194 1 174597194
2 648 818 401904636
0 361 206287872 1 607780722
0 965 954674032 1 107312107
0 51 183676681 1 232033136
1 344 416 588693696
0 588 455180417 1 692769158
1 332 342 245256240
0 162 754281072 1 376429746
1 36 345 748757168
0 595 551542996 1 910829499
2 585 598 647317320
1 95 697 6327378
1 831 967 292443531
0 313 448277324 1 336783705
1 516 924 935640496
2 557 799 184211024
0 617 164220269 1 25287361
1 433 922 654367180
1 734 737 776561402
1 755 899 465041446
2 327 670 366029024
1 479 645 20351559
1 457 801 114931431
1 278 361 137746158
1 509 595 69538752
0 660 125335316 1 416540849
0 472 216355728 1 450075442
1 399 405 669070195
0 354 400330037 1 200729869
0 226 972405351 1 350141457
2 23 482 966008607
1 185 635 666341953
1 540 896 587999336
2 29 995 110035589
1 326 803 677880663
2 247 972 924845627
0 172 986024585 1 898585908
1 119 843 887330780
1 42 331 90785957
2 81 692 270709069
1 177 441 516507987
0 473 545304460 1 215865945
0 338 737126203 1 230649524
1 19 188 263146817
0 365 644136943 1 774999021
2 7 119 966645619
0 880 688363647 1 57965272
0 698 84017235 1 81640552
1 166 301 669538346
1 385 444 442105999
0 24 587389910 1 772728508
2 489 549 3383916
0 758 824471527 1 936210419
1 99 484 969762760
0 408 884991176 1 539727673
1 541 671 186254598
1 267 395 459391613
0 784 959619602 1 731689609
0 958 518971458 1 685186450
2 31 921 136081204
0 655 128158258 1 693220122
2 409 806 498188063
0 951 443851310 1 592263808
0 896 105449954 1 808222507
0 96 873275714 1 19000030
0 669 396775509 1 323442462
2 65 128 964795673
1 858 875 190278120
1 246 992 204563523
0 397 737801055 1 151354423
2 88 503 631068765
0 573 77368734 1 184424765
0 630 188863133 1 149734575
0 182 260516005 1 169868835
0 745 649998423 1 723456616
1 217 435 815627194
2 6 466 650926188
1 771 774 414583707
0 623 390468772 1 780697822
2 591 691 794774756
1 654 663 204351102
2 76 438 597297361
0 352 875353562 1 607398283
2 169 336 281868037
1 83 867 383586963
2 251 672 893450777
0 426 670299557 1 861526612
1 106 767 703764566
0 348 733225633 1 372051135
0 165 519954936 1 744749383
2 418 853 834094008
0 339 907872249 1 207763820
2 286 858 41708247
0 615 878358005 1 416320109
1 208 625 924737360
2 522 722 305368541
2 828 909 209529709
0 800 517091622 1 897533807
0 354 661737775 1 674898791
0 945 187125211 1 950789694
2 84 939 442832056
0 422 262312795 1 960670119
1 334 614 572634118
0 269 988853841 1 727322567
2 318 671 976422838
2 653 912 984685466
1 367 728 625880339
1 51 668 191897783
0 549 465814892 1 30744930
1 623 752 199363685
0 642 324065512 1 849006406
1 531 856 266217567
2 538 644 235868781
0 267 29231322 1 176199888
1 238 792 144428438
2 129 905 200586902
1 541 886 298663247
0 389 49626627 1 200716053
0 166 83006544 1 882429831
0 533 156588217 1 452021991
1 158 840 481085652
2 373 928 518991134
1 701 845 805389650
2 473 848 805524799
1 734 960 81642263
0 789 162067482 1 32714183
2 787 900 402588765
1 30 105 429848927
0 370 699799760 1 656389943
0 953 10085298 1 789049513
1 379 476 838529269
2 83 405 662868649
2 444 840 286403357
2 254 312 21064154
2 780 984 355536913
2 38 662 957359061
2 280 509 569902401
1 380 807 527464868
2 118 219 516096277
1 23 826 259131059
0 855 41990504 1 581753441
2 154 158 926141522
1 92 386 760733579
2 220 973 631357426
1 231 802 606806854
0 789 226222339 1 622910639
1 891 897 649530119
0 704 864566155 1 419005804
2 939 967 666635458
2 735 872 499274857
2 118 527 370139789
0 537 4723877 1 407457618
1 519 600 615985717
2 13 345 960339232
1 24 926 23093319
2 817 822 175939034
2 17 228 232407078
0 523 387692698 1 187636579
1 297 505 922512472
0 219 935316911 1 878997843
1 175 617 709021509
1 408 940 901825786
2 299 809 855310457
1 446 483 689842341
1 485 985 180714887
2 447 541 941866383
1 384 394 638971007
1 493 942 64262769
0 859 253180247 1 14038547
2 212 942 323722411
2 111 643 837215564
2 94 832 138136082
1 248 669 957078262
0 250 767826379 1 704301416
0 760 684675591 1 914817676
2 109 681 377145180
1 216 555 299063014
2 269 296 834862657
1 408 919 113321074
2 832 906 886085210
2 399 673 331421450
1 71 577 989694981
1 799 801 16256572
1 179 798 136573699
2 199 343 328859821
2 234 311 392452949
2 437 822 77021933
0 385 460305214 1 304334780
0 67 2451432 1 18868500
1 605 937 856875250
1 11 253 501909566
0 731 802686209 1 424359137
0 29 384950964 1 45812584
0 531 731272159 1 792210316
1 99 568 702745181
0 863 729081356 1 82501283
2 438 643 793801125
0 623 859435787 1 300545324
0 836 911336330 1 158292253
2 923 939 641574837
0 491 681703744 1 311924527
2 325 637 321186306
1 486 681 556485795
0 8 672307085 1 12372085
0 46 560857351 1 77006587
2 510 957 754296584
1 3 736 491490946
1 458 863 512782095
2 480 975 368033123
1 115 875 21776816
0 832 997751548 1 617919359
1 516 571 928659494
0 405 288134042 1 287456267
0 834 571378619 1 584475612
2 145 542 369132523
2 732 940 77620690
1 81 932 5708792
2 450 646 978353777
1 581 718 884942432
1 326 790 461359062
1 568 904 841689664
0 207 860228304 1 775532841
2 722 756 214685107
0 725 841003580 1 814027938
2 344 588 870268302
1 348 559 172607409
2 137 396 983671157
1 247 447 839950066
0 501 611644822 1 32683054
1 435 852 666149045
0 626 883140270 1 883711586
1 113 488 560546222
1 595 768 156395090
1 759 803 741175226
1 748 823 683087504
2 906 965 353102244
2 302 933 942158107
0 552 270908685 1 764974473
2 783 962 515014584
2 323 660 777573556
2 119 628 753641860
1 519 705 489206620
1 255 923 123336775
1 45 384 181765564
2 711 900 855516985
2 363 568 841045937
2 791 798 962403052
0 248 708448756 1 954131318
0 111 843126217 1 576742524
0 941 91582149 1 735450219
1 195 204 816569843
1 597 991 735604872
